$SPEC_ID:
This is sample 008.
$SPEC_REM:
DET# 3
DETDESC# JLAB-20 MCB 131
AP# Maestro Version 7.01
$DATE_MEA:
04/28/2022 10:44:39
$MEAS_TIM:
109845 109989
$DATA:
0 2047
       0
       0
       0
       0
       0
       0
       0
       0
       1
       0
       0
       0
       0
    4846
    8172
   94081
   99613
  121085
   92819
   94174
   90042
   89169
   89582
   88423
   89042
   89033
   90515
   92597
   93818
   97899
  101107
  104586
  107890
  116037
  125818
  131293
  157660
  145433
  146913
  155328
  170969
  179974
  196312
  799819
  235317
  154066
  163043
  173556
  184077
  231083
  416180
  545255
  257362
  158763
  152721
  160861
  173186
  212013
  385938
  178718
  206504
  162466
  182399
  745080
  666247
  166852
  114844
  153244
  158426
   97605
  101193
   99975
  111566
  105988
  107934
  126483
  133017
  153431
  134294
  108476
   97280
   96223
   95758
  104249
   95328
   93247
   94145
   92677
   91971
   91777
   96951
   90224
   89284
   88715
   87497
   86660
   86973
   88089
  102687
  220929
   81450
   77870
   77285
   76578
   76795
   78119
   76426
   73058
   72874
   72483
   71445
   70363
  117329
   91604
   66717
   66207
   64927
   64783
   63824
   63980
   63418
   62386
   61545
   61337
   60595
   62265
   64675
  193426
  685926
   56498
   43885
   43524
   42782
   42102
   48435
   41864
   40128
   40254
   40407
   50974
   41301
   81479
   54301
   35178
   36541
   35370
   34029
   33758
   33447
   32945
   32815
   32101
   32191
   31915
   30755
   30365
   32651
   30683
   29157
   28587
   28405
   28042
   29596
   29383
   38129
   30542
   29387
   28597
   24545
   24323
   24529
   24378
   23834
   23126
   22852
   22638
   23481
   26142
   34425
   21964
   20922
   20682
   20281
   20274
   19945
   21236
   23084
   21641
   19237
   18971
   18840
   19044
   18055
   17886
   17649
   17580
   17574
   17289
   17170
   17036
   16580
   16509
   17378
   23634
   19375
   15592
   16216
   16601
   15370
   15239
   14685
   14483
   14101
   14102
   14150
   14186
   13993
   13538
   13521
   13503
   13296
   13040
   13196
   13624
   12930
   12908
   13555
   13276
   12838
   12519
   12547
   12265
   12473
   15039
   12219
   11829
   11681
   11543
   11408
   11458
   11612
   12834
   23935
   18491
   10691
   10642
   10438
   10139
   10364
   10268
   10083
    9906
    9906
    9937
   10376
   10151
    9999
    9850
    9386
    9404
    9339
    9257
    9327
    9346
    9375
    9193
    9194
    9296
    9138
    9011
    8903
    9008
    8741
    8599
    8619
    8728
    8858
    9218
    8652
    9043
    8416
    8346
    8564
    8314
    8140
    8129
    8073
    8004
    7884
    7909
    7799
    7820
    7884
    7604
    8024
    7871
    7490
    7378
    7512
    7330
    7186
    7198
    7624
    7440
    7191
    7048
    7033
    7054
    7100
    7033
    6929
    7038
    7030
    7032
    6767
    6843
    6907
    6702
    6889
    7355
    6772
    6464
    6645
    6632
    6572
    6645
    6426
    6561
    6502
    6537
    6339
    6468
    6132
    6123
    6244
    6217
    6100
    6087
    6010
    5963
    5913
    5950
    5965
    5946
    5992
    5886
    5820
    5848
    5961
    5916
    6391
    7669
    8996
    7263
    6066
    5811
    5656
    5602
    5708
    5631
    5514
    5485
    5513
    5575
    5515
    5527
    5452
    5608
    5442
    5492
    5597
    5532
    5382
    5279
    5458
    5662
    5260
    5263
    5311
    5221
    5186
    5173
    5185
    5163
    5192
    5226
    5066
    5260
    5288
    5192
    5134
    5508
    5917
    5387
    5047
    5016
    4914
    4787
    4925
    4934
    5296
    6866
    8411
    5310
    4685
    4516
    4629
    4412
    4428
    4445
    4367
    4358
    4416
    4515
    4298
    4443
    4605
    4727
    5558
   10171
   13665
    6029
    4243
    4056
    4063
    3922
    3955
    3904
    3900
    3921
    4073
    4120
    4006
    3977
    3882
    3928
    3882
    3764
    3914
    3826
    3813
    3823
    3850
    3884
    3831
    3771
    3804
    3748
    3754
    3663
    3733
    3751
    3665
    3731
    3719
    4090
    4273
    4044
    3804
    3901
    3644
    3557
    3592
    3569
    3512
    3578
    3435
    3507
    3498
    3552
    3510
    3487
    3356
    3508
    3546
    3705
    3826
    3650
    3528
    3623
    3387
    3588
    3734
    3605
    3796
    3648
    3611
    3677
    3530
    3411
    3485
    3384
    3360
    3355
    3306
    3369
    3491
    3303
    3298
    3399
    3533
    3997
    3601
    3328
    3400
    3657
    3583
    3254
    3529
    3760
    4301
    5605
    6572
    4129
    3306
    3235
    3210
    3188
    3233
    3244
    3373
    3315
    3373
    3418
    3484
    3991
    4835
    8918
   14466
    8215
    4139
    3328
    3216
    3007
    3065
    3034
    2994
    3180
    3342
    3489
    3582
    4634
    4960
    3456
    3061
    2991
    3048
    3245
    3238
    2973
    2805
    2626
    2493
    2571
    2689
    2983
    2818
    2633
    2454
    2431
    2380
    2421
    2314
    2358
    2416
    2439
    2396
    2417
    2503
    2465
    2314
    2320
    2485
    2535
    2366
    2276
    2397
    2229
    2346
    2230
    2119
    2125
    2056
    2138
    2029
    2135
    2242
    2240
    2132
    2102
    1961
    2013
    2254
    2320
    1982
    1972
    1995
    1957
    1982
    1935
    1944
    1861
    1901
    2030
    2038
    2056
    2472
    2505
    2467
    2458
    1927
    2031
    1908
    1722
    1817
    1808
    1786
    1788
    1742
    1926
    1737
    1767
    1751
    1823
    1883
    1871
    2153
    3254
    3817
    2342
    1660
    1597
    1686
    1653
    1716
    1960
    1892
    2112
    2221
    1964
    1681
    1611
    1774
    1909
    1894
    1688
    1577
    1565
    1589
    1616
    1820
    2174
    2368
    1850
    1603
    1576
    1451
    1449
    1511
    1475
    1487
    1490
    1559
    1585
    1972
    1961
    1951
    2439
    2519
    1728
    1465
    1481
    1440
    1420
    1363
    1468
    1515
    1427
    1459
    1398
    1413
    1505
    1555
    1661
    1722
    2166
    2694
    3757
    7323
   15865
   19077
    7531
    2540
    1497
    1275
    1244
    1262
    1244
    1212
    1251
    1224
    1255
    1235
    1299
    1250
    1179
    1281
    1212
    1193
    1227
    1238
    1249
    1244
    1225
    1135
    1234
    1264
    1245
    1260
    1241
    1237
    1164
    1190
    1203
    1254
    1218
    1264
    1170
    1184
    1164
    1137
    1159
    1247
    1183
    1203
    1203
    1200
    1151
    1235
    1168
    1168
    1196
    1259
    1215
    1172
    1180
    1205
    1122
    1193
    1166
    1180
    1125
    1101
    1197
    1142
    1206
    1243
    1209
    1177
    1162
    1152
    1181
    1194
    1174
    1210
    1213
    1194
    1247
    1289
    1405
    1733
    2469
    3061
    2107
    1423
    1241
    1270
    1126
    1181
    1166
    1139
    1140
    1276
    1085
    1056
    1171
    1160
    1144
    1141
    1192
    1196
    1167
    1156
    1148
    1227
    1255
    1359
    1299
    1152
    1105
    1163
    1114
    1129
    1144
    1154
    1185
    1160
    1157
    1176
    1237
    1139
    1195
    1134
    1111
    1187
    1274
    1216
    1197
    1241
    1167
    1170
    1205
    1328
    1289
    1249
    1232
    1208
    1091
    1161
    1139
    1161
    1196
    1189
    1152
    1149
    1152
    1137
    1158
    1189
    1179
    1215
    1227
    1188
    1219
    1212
    1176
    1149
    1193
    1238
    1251
    1267
    1335
    1574
    1762
    1560
    1234
    1118
    1078
    1048
    1043
    1006
     873
     963
     931
     862
     880
     894
     828
     855
     832
     841
     809
     826
     831
     786
     783
     802
     861
     798
     791
     791
     829
     862
     889
     828
     780
     719
     751
     712
     726
     691
     696
     780
     688
     748
     709
     711
     712
     711
     676
     708
     680
     672
     671
     683
     670
     632
     669
     665
     664
     623
     626
     615
     663
     608
     668
     628
     604
     624
     572
     533
     605
     589
     563
     569
     565
     544
     533
     534
     555
     579
     492
     553
     551
     501
     511
     504
     526
     496
     522
     474
     507
     467
     499
     494
     472
     520
     596
     706
     852
     780
     573
     511
     508
     530
     557
     474
     458
     442
     491
     522
     491
     490
     509
     521
     579
     576
     511
     530
     564
     652
     634
     506
     459
     495
     477
     408
     424
     419
     388
     474
     473
     481
     483
     463
     428
     501
     527
     522
     472
     487
     441
     468
     496
     447
     489
     488
     501
     565
     605
     705
     813
    1070
    1407
    2494
    4685
    7979
    8642
    4204
    1669
     734
     518
     368
     371
     349
     322
     342
     323
     317
     364
     335
     337
     340
     335
     362
     357
     322
     341
     357
     380
     366
     412
     335
     363
     366
     411
     368
     411
     457
     581
     689
     587
     473
     370
     352
     334
     349
     326
     313
     288
     337
     337
     371
     337
     354
     298
     308
     322
     365
     362
     398
     350
     355
     338
     307
     290
     295
     306
     328
     320
     347
     395
     331
     294
     294
     273
     268
     251
     254
     238
     276
     241
     270
     294
     285
     259
     274
     285
     296
     299
     328
     367
     397
     387
     440
     439
     494
     774
     944
     559
     416
     305
     322
     284
     267
     251
     247
     230
     235
     232
     242
     243
     247
     230
     220
     252
     298
     310
     273
     260
     266
     268
     240
     274
     279
     264
     223
     223
     247
     253
     226
     229
     235
     229
     198
     166
     202
     188
     188
     215
     212
     233
     205
     235
     280
     262
     243
     181
     194
     182
     192
     178
     182
     153
     171
     173
     191
     192
     168
     180
     193
     180
     192
     182
     197
     212
     210
     214
     208
     175
     159
     155
     176
     170
     168
     167
     161
     142
     161
     166
     141
     169
     168
     181
     159
     169
     168
     163
     201
     205
     291
     362
     408
     318
     229
     232
     291
     351
     326
     258
     186
     164
     174
     147
     160
     170
     177
     181
     190
     200
     202
     253
     295
     447
     714
    1106
    1437
    1110
     510
     289
     229
     171
     149
     148
     125
     126
     129
     127
     148
     141
     139
     130
     113
     142
     144
     135
     139
     144
     135
     131
     143
     136
     129
     143
     142
     185
     174
     156
     151
     131
     135
     103
     138
     156
     138
     147
     139
     145
     142
     175
     222
     258
     254
     241
     193
     168
     160
     159
     188
     166
     170
     189
     238
     261
     291
     191
     160
     170
     141
     154
     132
     139
     144
     152
     159
     182
     176
     198
     193
     197
     209
     201
     205
     196
     161
     142
     116
     120
     122
     119
     152
     153
     129
     142
     157
     139
     154
     151
     143
     148
     157
     147
     148
     138
     166
     150
     169
     193
     171
     144
     136
     115
     132
     119
     118
     131
     136
     131
     154
     126
     130
     143
     149
     180
     187
     191
     160
     138
     158
     130
     120
     138
     100
     124
     145
     124
     127
     137
     132
     147
     127
     129
     121
     149
     127
     144
     130
     125
     128
     110
     115
     117
     115
     118
     131
     113
     104
     103
     109
     126
     106
     111
      99
     107
     105
     116
     105
      93
      82
     110
     104
     110
      96
     100
     116
     112
     112
     112
     110
     105
     103
     100
     124
     105
     114
     102
      95
     117
     102
     101
     117
     102
     111
      79
     100
     106
     106
     109
     101
     114
     111
      99
      97
     113
      98
     115
      86
     102
     100
     111
     108
     107
      92
      97
     115
     108
     101
      95
      98
     109
      99
      94
     110
     104
      99
      93
      89
     100
      96
     107
      96
     103
     106
     110
     102
     119
     157
     172
     187
     260
     270
     223
     170
     133
     142
     117
     102
     143
     152
     159
     174
     156
     140
     112
     106
      98
      93
      95
      99
     107
      89
     113
     111
      84
     102
     113
      93
     106
      98
      95
     109
     103
     100
     112
      94
     101
     112
     106
      96
      87
      95
     107
      86
      97
     102
      93
     112
      97
     104
      89
      85
     105
      99
      96
     103
      98
      96
     103
     109
      92
     116
     105
     113
     130
     137
     130
     200
     251
     309
     415
     339
     213
     166
     150
     113
     109
     115
     128
     116
     102
     119
     104
     115
     105
      95
     116
     112
     105
      94
      92
     100
      97
     113
     118
      86
      97
      94
      98
      95
     100
     106
      84
     102
     104
      98
      87
      98
     108
      90
      91
     102
     109
     119
     100
      96
     113
     118
      86
     110
      99
     100
      97
     105
      97
     118
      94
     105
     105
      96
     112
     127
     144
     103
     102
     115
     105
     106
     119
     109
     132
     108
     111
     104
     110
      91
     114
     107
     112
     118
     113
     112
     103
     115
      97
     125
     137
     118
     117
      93
     136
     104
     128
     122
     114
     107
     130
     130
     115
     135
     135
     123
     127
     110
     129
     132
     127
     138
     141
     125
     120
     113
     109
     143
     135
     126
     120
     128
     125
     115
     107
     116
     105
      84
      86
      85
      81
      71
      82
      78
      73
      67
      70
      65
      84
      65
      64
      58
      86
      69
      66
      66
      73
      53
      53
      67
      79
      62
      65
      60
      65
      64
      61
      69
      60
      62
      72
      67
      63
      74
      54
      64
      64
      77
      66
     105
      93
     123
     124
     118
      89
      67
      57
      61
      48
      49
      51
      55
      39
      68
      52
      53
      48
      40
      37
      37
      33
      44
      45
      37
      37
      40
      29
      39
      35
      44
      27
      39
      30
      20
      34
      34
      31
      28
      27
      23
      31
      28
      26
      18
      21
      20
      25
      18
      18
      19
      13
      13
      22
      16
      19
      24
      14
      13
      15
      22
      16
      12
      14
      13
      13
      16
      16
      19
      14
      23
      15
      12
      17
      12
      23
      11
      13
      12
      19
      13
      13
      19
      13
      12
      17
      17
      17
      15
      16
      20
      19
      18
      15
      22
      12
      11
      13
      15
      13
      27
      13
      25
      21
      19
      23
      26
      40
      51
      43
      76
      73
     108
     149
     275
     418
     587
     763
    1032
     810
     473
     225
     142
      81
      34
      32
       8
       3
       7
       9
       5
       5
       2
       6
       8
       6
       5
       6
       9
       5
       4
       4
       5
       5
       6
       2
       0
       4
       7
       6
       8
       3
       6
       6
       5
       4
       5
       4
       7
       8
       6
       3
       3
       4
       5
       4
       2
       4
       9
       2
       2
       6
      13
       7
       3
       4
       4
       6
      11
       3
       4
       5
      11
       6
       3
       3
       2
       4
       4
       6
       4
       4
       6
       2
       4
       7
       7
       1
       5
       6
       3
       6
       4
       3
       0
       6
       4
       3
       4
       2
       4
       3
       4
       3
       3
       7
       3
       6
       2
       5
       0
       4
       4
       3
       1
       7
       6
       7
       3
       2
       6
       5
       7
       5
       2
       3
       4
       9
       4
       5
       4
      10
       2
       2
       2
       4
       6
       4
       3
       0
       3
       5
       6
       5
       7
       1
       7
       4
       7
       4
       4
       4
       4
       6
       1
       5
       3
       6
       3
       3
       7
       3
       1
       4
       2
       5
       5
       3
       3
       3
       3
       2
       4
       2
       1
       3
       6
       5
       3
       4
       2
       6
       3
       3
       5
       0
       3
       7
       4
       0
       4
       3
       3
       4
       4
       0
       2
       0
       0
       0
       0
       0
       0
       0
       0
       0
       0
       0
       0
       0
       0
       0
       0
       0
       0
       0
       0
       0
       0
       0
       0
       0
       0
       0
       0
       0
       0
       0
       0
       0
       0
       0
       0
       0
       0
       0
       0
       0
       0
       0
       0
       0
       0
       0
       0
       0
       0
       0
       0
       0
       0
       0
       0
       0
$ROI:
3
336 383
854 909
1203 1239
$PRESETS:
None
0
0
$ENER_FIT:
1.611561 1.449046
$MCA_CAL:
3
1.611561E+000 1.449046E+000 4.675865E-006 keV
$SHAPE_CAL:
3
4.424287E+000 -8.502870E-003 7.028060E-006
