$SPEC_ID:
Recoil
$SPEC_REM:
DET# 3
DETDESC# JLAB-11 MCB 134
AP# Maestro Version 7.01
$DATE_MEA:
03/06/2025 14:21:17
$MEAS_TIM:
492 507
$DATA:
0 2047
       0
       0
       0
       0
       0
       0
       0
      30
   45070
    2335
    2298
    1735
    1708
    1630
    1598
    1560
    1424
    1284
    1121
     931
     747
     640
     525
     446
     415
     303
     320
     303
     272
     248
     288
     302
     300
     294
     301
     309
     277
     293
     308
     302
     297
     328
     325
     292
     307
     316
     314
     312
     356
     325
     335
     335
     352
     318
     305
     355
     342
     351
     398
     390
     397
     400
     424
     449
     477
     530
     552
     569
     617
     747
     780
     919
     979
    1195
    1331
    1594
    1834
    2220
    2565
    2923
    3493
    3942
    4494
    5166
    6007
    6690
    7392
    8355
    8813
    9665
   10336
   10638
   10867
   10944
   11087
   11137
   11002
   10317
    9925
    9178
    8395
    7766
    6954
    6411
    5584
    4934
    4394
    3689
    3253
    2874
    2455
    2138
    1846
    1568
    1351
    1205
    1033
     874
     773
     685
     595
     543
     513
     441
     446
     445
     382
     400
     379
     406
     379
     401
     381
     421
     432
     427
     470
     451
     469
     489
     527
     523
     537
     563
     570
     610
     584
     655
     644
     677
     646
     706
     747
     700
     715
     718
     717
     741
     717
     732
     777
     735
     701
     735
     701
     714
     703
     688
     695
     705
     670
     640
     633
     650
     644
     630
     584
     614
     607
     559
     618
     624
     621
     667
     695
     676
     700
     699
     721
     720
     661
     786
     743
     808
     786
     744
     801
     828
     774
     804
     818
     818
     828
     882
     786
     898
     914
     903
     923
     947
     990
    1020
     961
    1007
    1031
    1056
    1146
    1188
    1275
    1263
    1376
    1440
    1470
    1563
    1545
    1727
    1823
    1929
    1999
    2069
    2160
    2296
    2304
    2392
    2541
    2615
    2672
    2854
    2810
    2913
    2944
    3008
    3098
    3039
    2985
    2959
    2898
    2845
    2887
    2698
    2641
    2628
    2435
    2325
    2239
    2032
    1976
    1753
    1703
    1545
    1458
    1330
    1272
    1115
    1023
     956
     872
     875
     793
     726
     615
     568
     603
     537
     542
     465
     481
     451
     446
     414
     409
     441
     451
     433
     416
     398
     418
     396
     383
     409
     410
     444
     448
     391
     425
     392
     452
     416
     442
     403
     452
     423
     420
     448
     427
     449
     421
     466
     420
     460
     439
     395
     471
     458
     425
     444
     449
     444
     444
     456
     436
     506
     483
     429
     456
     461
     479
     457
     455
     478
     455
     466
     436
     443
     520
     442
     460
     468
     512
     491
     424
     501
     469
     458
     463
     431
     449
     463
     454
     456
     456
     451
     499
     452
     510
     443
     484
     472
     467
     445
     475
     463
     461
     506
     439
     440
     467
     439
     436
     448
     474
     457
     486
     458
     448
     480
     440
     480
     462
     518
     452
     496
     459
     480
     478
     486
     469
     473
     468
     451
     451
     482
     502
     424
     487
     474
     483
     471
     497
     464
     509
     524
     458
     497
     486
     500
     542
     505
     581
     513
     521
     513
     547
     510
     517
     499
     541
     513
     545
     510
     503
     558
     568
     509
     481
     547
     541
     565
     517
     558
     559
     538
     558
     523
     569
     518
     521
     590
     554
     556
     554
     581
     552
     538
     581
     594
     542
     568
     647
     616
     608
     579
     594
     548
     582
     546
     588
     611
     573
     573
     595
     576
     596
     592
     561
     586
     571
     571
     563
     552
     543
     574
     600
     570
     553
     539
     545
     517
     557
     588
     500
     519
     518
     560
     531
     566
     557
     478
     503
     527
     521
     519
     531
     541
     501
     497
     553
     508
     541
     519
     510
     554
     499
     532
     496
     490
     495
     511
     498
     507
     474
     472
     468
     518
     470
     492
     500
     486
     494
     491
     520
     482
     471
     493
     479
     492
     497
     484
     488
     472
     461
     493
     474
     495
     491
     466
     439
     465
     424
     490
     447
     452
     503
     443
     466
     428
     491
     458
     464
     449
     427
     462
     476
     461
     442
     431
     457
     432
     419
     431
     461
     406
     409
     398
     444
     433
     412
     420
     482
     426
     433
     436
     406
     427
     458
     424
     420
     422
     394
     432
     418
     409
     366
     443
     405
     425
     398
     408
     376
     373
     386
     402
     378
     363
     393
     376
     387
     377
     383
     341
     408
     336
     392
     379
     358
     383
     373
     342
     338
     396
     366
     357
     343
     337
     375
     354
     354
     350
     352
     351
     357
     382
     349
     324
     355
     330
     353
     319
     337
     341
     333
     366
     342
     362
     343
     400
     324
     325
     335
     315
     299
     325
     274
     298
     325
     345
     316
     320
     292
     313
     338
     334
     295
     337
     295
     313
     309
     343
     271
     352
     296
     319
     329
     284
     288
     298
     297
     295
     294
     303
     277
     315
     297
     289
     306
     307
     274
     259
     308
     331
     324
     264
     269
     299
     266
     278
     310
     289
     267
     278
     279
     310
     278
     268
     249
     252
     289
     264
     299
     256
     259
     264
     300
     258
     254
     262
     266
     275
     274
     263
     253
     299
     309
     244
     276
     290
     298
     287
     267
     301
     317
     265
     288
     320
     284
     328
     297
     298
     271
     326
     272
     311
     307
     333
     341
     307
     334
     337
     334
     313
     330
     331
     353
     361
     342
     341
     377
     356
     352
     340
     340
     371
     386
     361
     374
     360
     382
     411
     370
     356
     403
     411
     372
     410
     381
     390
     394
     440
     408
     382
     389
     419
     432
     424
     366
     428
     376
     418
     462
     428
     412
     435
     434
     398
     433
     418
     422
     388
     410
     407
     423
     428
     426
     465
     472
     462
     460
     444
     466
     456
     456
     476
     439
     450
     460
     476
     496
     464
     472
     497
     481
     463
     492
     520
     456
     493
     492
     534
     533
     534
     543
     537
     515
     498
     582
     567
     561
     560
     585
     505
     508
     558
     563
     579
     576
     523
     528
     533
     590
     552
     528
     550
     509
     568
     552
     581
     550
     535
     523
     519
     520
     502
     498
     504
     511
     515
     502
     538
     467
     496
     479
     503
     452
     470
     490
     478
     467
     455
     487
     440
     445
     481
     428
     451
     413
     430
     439
     408
     417
     403
     416
     378
     376
     351
     410
     369
     400
     365
     358
     374
     356
     370
     334
     349
     342
     339
     342
     336
     402
     346
     331
     320
     351
     325
     343
     346
     336
     361
     341
     316
     382
     383
     372
     376
     346
     374
     396
     352
     423
     420
     417
     421
     452
     405
     490
     431
     490
     475
     525
     500
     534
     551
     490
     531
     564
     551
     583
     575
     597
     631
     650
     600
     664
     699
     702
     671
     660
     751
     747
     732
     781
     793
     772
     819
     740
     782
     795
     884
     831
     871
     844
     892
     898
     929
     956
     856
     923
     896
     971
     986
     981
     959
     921
     994
     959
     961
     999
     963
     984
    1017
    1029
    1003
    1002
    1107
    1051
     970
    1003
    1088
     992
     993
    1031
    1001
    1072
     972
    1012
    1034
    1036
     962
    1048
     992
     927
     982
     968
     955
     929
     926
     925
     888
     921
     932
     933
     854
     893
     856
     874
     847
     816
     811
     791
     748
     740
     763
     786
     762
     722
     682
     693
     694
     680
     657
     700
     641
     609
     597
     586
     586
     574
     565
     538
     581
     500
     513
     512
     502
     486
     485
     471
     439
     441
     454
     457
     436
     416
     401
     374
     411
     412
     377
     330
     372
     326
     358
     329
     327
     271
     316
     321
     302
     318
     313
     284
     286
     285
     298
     272
     274
     241
     267
     227
     266
     211
     237
     253
     255
     227
     220
     212
     233
     229
     184
     233
     225
     189
     194
     195
     193
     194
     197
     195
     171
     208
     205
     177
     170
     195
     173
     183
     168
     148
     150
     148
     162
     149
     142
     135
     155
     164
     156
     151
     150
     143
     124
     130
     128
     142
     135
     123
     119
     125
     125
     132
     127
     137
     112
     116
     143
     124
     109
     115
     112
     107
     106
     112
     118
     104
     116
     119
     123
     102
     113
      92
     110
     103
     116
     120
      83
     107
     107
     106
      93
      99
     116
     108
      97
      90
      98
     103
     102
     109
      90
     112
      99
     117
      95
     121
      91
      89
      76
     101
     102
      84
      72
     100
      83
      91
      80
      99
      99
     105
      86
     102
      96
      95
      96
     106
      95
      91
      86
      92
      98
      82
     108
      90
      79
      88
      86
      93
      95
      83
      91
      87
      73
     105
      91
      86
      98
      82
      77
      76
      83
      83
      82
      89
      77
      88
      88
      78
      74
      75
      87
      85
      93
      81
      88
      79
      78
      74
      69
      75
      61
      84
      71
      69
      86
      89
      70
      70
      50
      66
      67
      71
      67
      68
      62
      73
      61
      57
      64
      58
      68
      78
      70
      64
      82
      64
      59
      54
      61
      68
      64
      58
      55
      63
      62
      61
      67
      58
      62
      53
      56
      67
      51
      60
      50
      61
      50
      49
      54
      65
      52
      51
      50
      50
      47
      42
      44
      53
      42
      55
      57
      46
      49
      45
      52
      41
      60
      59
      44
      46
      44
      42
      47
      41
      49
      54
      63
      41
      41
      43
      36
      50
      47
      54
      64
      30
      37
      37
      40
      34
      47
      36
      42
      37
      42
      53
      45
      39
      42
      25
      33
      33
      38
      46
      36
      40
      27
      52
      48
      38
      35
      27
      49
      48
      35
      39
      35
      35
      36
      37
      42
      29
      37
      39
      38
      36
      38
      36
      31
      52
      24
      49
      34
      34
      42
      34
      42
      49
      34
      35
      32
      41
      31
      37
      38
      30
      43
      35
      33
      25
      39
      26
      44
      32
      37
      35
      36
      38
      46
      35
      37
      47
      39
      40
      38
      28
      31
      35
      37
      30
      37
      32
      35
      43
      40
      29
      42
      33
      29
      23
      40
      32
      36
      42
      30
      47
      41
      31
      31
      39
      36
      40
      34
      31
      22
      27
      50
      26
      37
      29
      42
      30
      27
      37
      28
      31
      43
      32
      32
      32
      33
      31
      29
      24
      27
      32
      31
      30
      25
      34
      34
      24
      37
      28
      30
      39
      28
      37
      36
      34
      36
      28
      41
      31
      32
      25
      37
      33
      28
      32
      43
      28
      35
      31
      29
      32
      40
      32
      26
      34
      33
      29
      34
      39
      34
      41
      27
      34
      42
      30
      25
      34
      39
      36
      28
      40
      40
      27
      29
      32
      42
      38
      31
      35
      42
      32
      49
      26
      38
      30
      36
      48
      29
      24
      39
      44
      40
      29
      31
      28
      43
      43
      32
      36
      28
      31
      44
      33
      36
      36
      26
      35
      34
      46
      39
      33
      33
      40
      35
      31
      30
      38
      40
      38
      35
      40
      42
      44
      36
      44
      44
      37
      36
      32
      41
      28
      50
      42
      36
      45
      46
      43
      45
      49
      39
      46
      46
      32
      32
      52
      36
      42
      39
      50
      43
      51
      43
      32
      44
      40
      56
      40
      47
      47
      42
      46
      53
      46
      55
      49
      38
      54
      38
      52
      44
      55
      48
      54
      57
      46
      58
      43
      60
      60
      51
      58
      41
      44
      42
      44
      39
      46
      58
      60
      50
      58
      64
      55
      69
      67
      66
      58
      59
      74
      81
      71
      82
      51
      79
      73
      79
      86
      74
      85
      67
      84
      96
      97
     103
      82
     108
      99
      80
      79
     101
     102
     105
      95
      98
      95
     116
     119
     124
     133
     126
     132
     160
     134
     130
     142
     137
     130
     152
     148
     153
     148
     127
     160
     152
     157
     175
     195
     161
     167
     166
     194
     184
     190
     200
     197
     187
     189
     227
     213
     220
     201
     215
     203
     223
     217
     237
     228
     219
     268
     223
     246
     223
     274
     242
     267
     276
     232
     309
     333
     308
     279
     304
     287
     300
     302
     314
     312
     301
     322
     305
     324
     339
     308
     348
     331
     391
     333
     353
     370
     366
     392
     395
     385
     383
     397
     395
     417
     363
     370
     383
     409
     381
     390
     411
     421
     412
     430
     410
     432
     407
     427
     410
     469
     436
     410
     467
     414
     411
     444
     484
     428
     438
     448
     406
     456
     435
     434
     438
     418
     460
     452
     427
     413
     400
     454
     415
     410
     419
     443
     394
     429
     397
     409
     403
     397
     390
     422
     407
     351
     390
     400
     410
     367
     390
     343
     356
     354
     387
     321
     341
     349
     318
     380
     335
     321
     336
     299
     293
     308
     311
     291
     293
     288
     295
     285
     285
     269
     277
     272
     234
     266
     259
     244
     230
     211
     228
     212
     234
     204
     185
     202
     215
     201
     200
     202
     201
     170
     173
     153
     165
     171
     152
     142
     117
     141
     152
     145
     111
     129
     113
      85
     109
      95
     119
      99
     105
     110
     103
      93
      97
      92
      93
      86
      72
      68
      87
      81
      79
      67
      68
      62
      58
      60
      57
      59
      54
      60
      49
      56
      52
      46
      45
      31
      34
      31
      33
      32
      52
      39
      26
      35
      33
      35
      26
      29
      28
      26
      19
      27
      14
      17
      22
      25
      19
      26
      21
      27
      16
      17
      13
      12
      16
      13
      14
      23
      13
      16
      13
      12
      12
      16
      11
      16
      18
      12
      15
      11
      11
      11
      11
      14
      15
       9
      16
       9
       7
       9
      11
      11
       9
       5
      10
       4
       9
      10
      13
      14
       4
      10
      11
       6
       7
       7
      12
       7
       8
       7
       7
      10
       6
       8
       9
       4
      11
       6
      11
       8
      11
       8
       5
       9
       5
       6
       9
       6
       9
      12
       9
       5
       5
       7
       7
       7
       7
       7
       7
       8
       5
      10
       5
       9
       8
      11
      11
       5
       6
       6
       6
      11
       5
       7
      10
      15
       6
      10
       7
       8
       7
       4
      10
      16
       5
       0
       0
       0
       0
       0
       0
       0
       0
       0
       0
       0
       0
       0
       0
       0
       0
       0
       0
       0
       0
       0
       0
       0
       0
       0
       0
       0
       0
       0
       0
       0
       0
$ROI:
0
$PRESETS:
None
0
0
$ENER_FIT:
0.000000 0.722271
$MCA_CAL:
3
0.000000E+000 7.222707E-001 0.000000E+000 keV
$SHAPE_CAL:
3
0.000000E+000 0.000000E+000 0.000000E+000
