$SPEC_ID:
Scatter
$SPEC_REM:
DET# 2
DETDESC# JLAB-11 MCB 133
AP# Maestro Version 7.01
$DATE_MEA:
03/06/2025 14:21:16
$MEAS_TIM:
474 516
$DATA:
0 2047
       0
       0
       0
       0
       0
       0
   15344
 2871440
  453273
  368668
  166252
   80927
   42018
   21765
   11521
    6563
    3809
    2362
    1518
    1144
     878
     710
     613
     480
     462
     361
     329
     285
     307
     233
     250
     221
     185
     198
     170
     194
     194
     213
     177
     189
     179
     176
     186
     206
     208
     209
     211
     215
     223
     227
     205
     202
     237
     210
     221
     208
     248
     216
     253
     234
     236
     247
     270
     311
     307
     371
     359
     416
     432
     508
     609
     697
     896
    1030
    1130
    1350
    1519
    1825
    2265
    2462
    2887
    3523
    3816
    4342
    5032
    5416
    5888
    6279
    6718
    7085
    7382
    7653
    7641
    7941
    7751
    7620
    7479
    7095
    6901
    6343
    6070
    5720
    5127
    4690
    4149
    3805
    3438
    3024
    2719
    2374
    2016
    1818
    1621
    1316
    1189
    1023
     879
     797
     673
     582
     531
     492
     449
     389
     372
     299
     332
     306
     311
     327
     268
     277
     296
     329
     323
     299
     358
     340
     341
     381
     369
     411
     457
     406
     392
     444
     454
     454
     479
     547
     494
     551
     581
     557
     538
     567
     556
     569
     592
     587
     506
     549
     582
     557
     512
     529
     535
     546
     553
     532
     487
     549
     504
     502
     494
     524
     496
     506
     527
     511
     519
     540
     543
     505
     555
     528
     563
     543
     585
     572
     602
     604
     590
     641
     637
     602
     621
     621
     679
     688
     641
     651
     689
     702
     698
     677
     719
     686
     738
     751
     738
     782
     849
     865
     891
     912
    1000
    1033
    1044
    1167
    1216
    1286
    1311
    1405
    1480
    1542
    1706
    1731
    1868
    1952
    1967
    2120
    2175
    2242
    2338
    2385
    2497
    2448
    2469
    2608
    2611
    2657
    2627
    2709
    2605
    2508
    2463
    2379
    2371
    2332
    2216
    2144
    2060
    1956
    1853
    1776
    1599
    1528
    1441
    1387
    1295
    1169
    1081
    1004
     955
     877
     780
     708
     684
     644
     606
     543
     510
     481
     489
     467
     448
     411
     395
     387
     389
     376
     376
     349
     326
     332
     338
     327
     332
     332
     328
     374
     366
     324
     331
     332
     360
     315
     299
     329
     350
     315
     361
     330
     319
     341
     326
     358
     322
     346
     324
     347
     334
     351
     321
     353
     359
     335
     345
     371
     366
     329
     367
     358
     346
     359
     382
     356
     389
     358
     376
     398
     355
     375
     393
     367
     365
     374
     377
     372
     374
     381
     368
     367
     370
     402
     333
     385
     342
     347
     365
     366
     387
     374
     356
     356
     391
     341
     374
     355
     350
     369
     354
     343
     344
     363
     389
     349
     348
     348
     364
     337
     376
     368
     355
     387
     367
     372
     346
     354
     378
     360
     348
     356
     359
     359
     362
     378
     389
     368
     351
     370
     392
     381
     363
     412
     403
     402
     378
     357
     397
     392
     408
     370
     384
     370
     436
     425
     416
     374
     459
     391
     413
     382
     378
     386
     409
     425
     398
     433
     424
     413
     401
     403
     412
     413
     412
     430
     470
     440
     455
     482
     431
     439
     379
     429
     446
     451
     447
     457
     453
     405
     456
     491
     479
     432
     454
     449
     425
     415
     444
     418
     460
     435
     441
     416
     425
     456
     453
     428
     421
     459
     419
     409
     399
     401
     418
     397
     411
     401
     391
     412
     431
     408
     424
     370
     376
     384
     378
     394
     385
     323
     425
     401
     374
     364
     381
     393
     349
     381
     344
     360
     356
     348
     348
     358
     325
     364
     419
     368
     327
     369
     339
     362
     324
     338
     362
     348
     346
     381
     344
     361
     376
     363
     322
     329
     348
     323
     325
     353
     322
     306
     334
     341
     347
     362
     367
     332
     362
     334
     343
     318
     330
     349
     341
     326
     341
     370
     321
     331
     349
     328
     336
     330
     363
     296
     291
     332
     319
     323
     302
     341
     301
     315
     323
     302
     348
     312
     292
     306
     267
     267
     296
     320
     315
     296
     282
     290
     284
     296
     284
     312
     286
     282
     276
     284
     283
     305
     274
     280
     294
     257
     286
     291
     251
     283
     281
     288
     257
     257
     257
     297
     308
     238
     234
     247
     261
     286
     251
     276
     252
     266
     262
     263
     269
     226
     257
     261
     247
     244
     257
     226
     263
     225
     237
     230
     254
     262
     232
     272
     258
     251
     202
     223
     247
     233
     205
     237
     232
     270
     204
     257
     242
     218
     224
     218
     271
     246
     231
     245
     205
     224
     238
     209
     215
     229
     234
     222
     184
     191
     201
     210
     204
     234
     202
     192
     211
     199
     231
     202
     198
     211
     235
     198
     185
     185
     207
     208
     167
     200
     198
     196
     200
     216
     187
     189
     206
     168
     196
     176
     155
     194
     180
     169
     178
     187
     196
     154
     173
     180
     157
     177
     193
     191
     182
     190
     178
     193
     171
     185
     166
     183
     178
     187
     183
     172
     167
     171
     204
     185
     195
     182
     171
     189
     180
     188
     184
     210
     202
     188
     192
     236
     206
     212
     200
     215
     216
     213
     192
     206
     198
     212
     242
     232
     217
     232
     252
     238
     247
     261
     249
     252
     226
     255
     280
     277
     293
     279
     263
     288
     305
     270
     276
     310
     246
     291
     283
     292
     298
     290
     299
     310
     328
     256
     279
     305
     274
     349
     326
     301
     320
     312
     276
     334
     312
     317
     337
     331
     321
     337
     303
     305
     338
     320
     324
     345
     370
     299
     321
     363
     318
     330
     359
     397
     313
     368
     360
     372
     389
     383
     394
     406
     399
     379
     390
     412
     393
     450
     391
     411
     389
     396
     394
     400
     420
     402
     394
     438
     397
     424
     429
     426
     441
     437
     462
     427
     415
     475
     441
     489
     486
     413
     443
     434
     461
     455
     424
     390
     434
     454
     423
     433
     404
     432
     435
     421
     426
     448
     407
     385
     396
     407
     424
     409
     414
     399
     363
     369
     380
     385
     334
     351
     350
     328
     337
     320
     304
     360
     312
     291
     298
     326
     300
     294
     291
     260
     241
     257
     288
     262
     253
     286
     229
     227
     260
     238
     227
     244
     224
     243
     204
     228
     207
     213
     217
     206
     204
     232
     240
     252
     218
     231
     251
     261
     240
     243
     245
     241
     268
     274
     260
     258
     269
     288
     291
     324
     321
     351
     338
     329
     373
     369
     395
     392
     387
     438
     438
     444
     448
     461
     473
     527
     448
     548
     528
     449
     542
     626
     617
     544
     589
     622
     599
     667
     680
     662
     731
     709
     699
     749
     743
     795
     790
     786
     843
     797
     849
     802
     832
     824
     834
     855
     809
     889
     878
     904
     882
     886
     899
     887
     912
     956
     937
     984
     910
     997
     972
     923
     946
     937
     962
     943
     946
     936
     920
     940
     924
     929
     936
     946
     911
     877
     871
     866
     876
     879
     839
     804
     860
     877
     837
     847
     856
     769
     795
     779
     814
     741
     734
     767
     738
     683
     672
     702
     679
     668
     639
     600
     606
     573
     582
     571
     586
     571
     522
     533
     566
     533
     470
     487
     460
     477
     453
     407
     428
     410
     383
     381
     386
     390
     360
     325
     342
     308
     300
     315
     304
     321
     261
     249
     258
     265
     234
     254
     259
     256
     263
     237
     238
     223
     224
     208
     194
     183
     158
     214
     164
     172
     189
     193
     187
     160
     151
     144
     174
     160
     140
     161
     123
     146
     150
     111
     144
     123
     136
     129
     125
     127
     122
     118
     125
     100
     109
     100
     133
      78
      96
     106
      92
      87
      94
      71
      92
      96
      87
      80
      81
      72
      67
      65
      78
      65
      72
      76
      67
      67
      65
      64
      56
      59
      52
      57
      55
      46
      67
      51
      48
      42
      45
      44
      41
      51
      51
      37
      53
      40
      36
      41
      39
      39
      34
      37
      42
      48
      40
      37
      37
      34
      41
      28
      27
      39
      36
      40
      37
      37
      51
      21
      37
      33
      42
      38
      30
      21
      37
      23
      26
      28
      23
      30
      27
      26
      36
      18
      37
      28
      32
      36
      26
      38
      34
      27
      26
      31
      22
      21
      35
      33
      26
      36
      34
      34
      47
      32
      30
      30
      31
      35
      30
      28
      28
      42
      28
      38
      30
      32
      40
      33
      23
      33
      36
      33
      30
      27
      21
      39
      36
      27
      18
      27
      26
      34
      28
      22
      21
      25
      18
      18
      24
      28
      22
      28
      24
      27
      28
      23
      26
      18
      25
      28
      26
      25
      20
      24
      22
      20
      25
      16
      23
      27
      24
      27
      23
      32
      23
      30
      18
      23
      22
      24
      20
      15
      30
      27
      27
      13
      28
      23
      23
      14
      18
      31
      22
      29
      25
      29
      14
      29
      16
      19
      22
      13
      15
      20
      23
      23
      18
      27
      18
      28
      18
      20
      18
      23
      19
      18
      12
      21
      22
      15
      18
      21
      18
      18
      13
      14
      18
      20
      11
      17
      14
      15
      12
      14
      10
      12
      23
      20
      22
      20
      12
      22
      20
      17
      25
      19
      18
      13
      23
      19
      22
      27
      20
      18
      27
      23
      22
      12
      18
      21
      18
      24
      14
      18
      17
      10
      15
      21
       8
      25
      22
      17
      17
       8
      16
      18
      18
      18
      14
      16
      22
      24
      20
      24
      13
      15
      15
      24
      11
      21
      23
      21
      14
      22
      17
      19
      11
      16
      17
      10
      20
      12
      15
      12
      19
      16
      22
      18
      19
      16
      24
      18
      18
      18
      13
      13
      16
      16
      12
      22
      14
      16
      19
      14
      14
      17
      15
      15
      23
      13
      19
      12
      17
      13
      19
      14
      15
      16
      13
      18
      10
      19
      20
      21
      13
      18
       9
       9
      25
      21
      20
      14
      19
       9
      10
      11
      12
      17
      13
      17
      14
      17
      10
      17
      14
      19
      13
      13
      16
      15
      13
      19
      12
      12
      12
      14
      23
      15
      12
      12
      20
      16
      13
      13
      10
      14
      15
      15
      19
      10
      11
      17
      19
       9
      11
      20
      21
      16
      14
      15
      17
      15
      14
       9
      11
       8
      17
      11
      12
      19
       9
       9
      13
      15
      11
      12
       9
      17
       8
      13
      11
      19
       9
      16
      14
      12
      13
      18
      18
      11
      15
      17
      14
      17
      12
      15
      12
      21
      16
      15
      10
      12
      11
      11
       9
      15
      15
      12
      19
      19
      16
      16
      12
      12
      12
      14
      10
      12
      16
      15
      12
      17
      14
      17
      14
      15
      17
      12
      15
      12
      13
      14
      18
      12
      15
      11
      18
      15
      18
      15
      15
      13
      14
       9
       9
      12
      21
      12
      18
      14
      19
       7
      12
      14
      12
       8
      21
      12
      15
      17
      15
      14
      12
      20
      16
      16
      20
      24
      13
      11
      16
      10
      15
      12
      11
      14
      11
      20
      19
      16
      16
      10
      16
      13
      15
      23
      12
      15
      15
      10
      18
      13
      12
      26
       9
      10
      22
      15
      17
      18
       9
      15
       4
      13
      16
      17
      19
      18
      23
      14
      15
      19
      16
      12
      18
      20
      11
      14
      18
      17
      17
      20
      16
      13
      14
      23
      11
      19
      15
      16
      17
       9
      16
      17
      20
      14
      11
      25
      25
      17
      23
      18
      25
      20
      18
      12
      18
      17
      22
      27
      27
      14
      20
      18
      23
      26
      23
      25
      18
      29
      27
      17
      26
      23
      19
      17
      27
      22
      29
      26
      18
      31
      22
      27
      17
      25
      30
      24
      21
      29
      22
      26
      28
      27
      30
      25
      25
      29
      23
      31
      32
      26
      31
      33
      30
      29
      33
      42
      44
      40
      32
      34
      36
      43
      30
      33
      22
      31
      45
      34
      37
      48
      37
      36
      39
      35
      31
      36
      34
      37
      34
      43
      45
      37
      38
      36
      46
      39
      46
      38
      50
      46
      35
      36
      42
      50
      37
      40
      47
      44
      42
      35
      37
      36
      55
      45
      41
      43
      50
      44
      33
      49
      40
      40
      41
      39
      51
      40
      42
      45
      43
      47
      46
      52
      45
      36
      32
      37
      50
      41
      48
      45
      42
      38
      39
      40
      36
      42
      30
      43
      24
      27
      36
      39
      48
      43
      41
      44
      39
      41
      36
      29
      36
      37
      31
      39
      29
      48
      29
      33
      36
      28
      32
      22
      23
      18
      29
      33
      24
      41
      22
      26
      26
      24
      36
      31
      19
      21
      23
      20
      16
      26
      33
      19
      24
      26
      35
      27
      23
      26
      22
      12
      17
      19
      18
      17
      17
      15
      12
      19
      12
      13
      18
      21
      11
      19
      19
       6
      15
      18
      18
      12
      14
       9
      12
      13
      16
      19
      11
      14
      10
      12
      17
      13
       8
       7
      11
      13
      11
       7
      11
      10
      10
      12
      10
      13
       6
       9
       5
       8
       9
       8
      10
       9
      11
      11
       5
       5
      11
       6
       9
       6
       9
      11
       5
       6
       9
       5
      12
       7
       2
       8
      11
       4
       4
       4
       4
       6
      10
       7
       6
       5
       8
       5
       6
       8
       4
       4
       5
       6
       5
       5
       6
       7
      10
       6
      10
       4
       8
       6
       3
       2
       9
       7
       2
       6
       6
       4
      10
       6
       4
       4
       4
       5
       8
       7
       7
       3
       3
       7
       7
       6
       6
       4
       4
      11
       7
       5
       4
       6
       4
       6
       5
       7
       4
       2
       4
       2
       4
       8
      10
       7
       4
       7
       7
       7
       7
       6
       9
       7
       4
       9
       5
       6
       4
      10
       8
      10
       6
       9
       3
       8
       1
       5
       8
      10
       0
       0
       0
       0
       0
       0
       0
       0
       0
       0
       0
       0
       0
       0
       0
       0
       0
       0
       0
       0
       0
       0
       0
       0
       0
       0
       0
       0
       0
       0
       0
       0
$ROI:
0
$PRESETS:
None
0
0
$ENER_FIT:
0.000000 0.421939
$MCA_CAL:
3
0.000000E+000 4.219387E-001 0.000000E+000 keV
$SHAPE_CAL:
3
0.000000E+000 0.000000E+000 0.000000E+000
