$SPEC_ID:
Recoil
$SPEC_REM:
DET# 3
DETDESC# JLAB-11 MCB 134
AP# Maestro Version 7.01
$DATE_MEA:
03/04/2025 16:40:29
$MEAS_TIM:
246 326
$DATA:
0 2047
       0
       0
       0
       0
       2
      16
      54
     598
  823014
  128479
  148207
  100674
   80417
   63899
   50491
   39770
   31152
   24150
   18671
   14277
   11031
    8335
    6422
    5008
    3880
    3066
    2560
    2088
    1821
    1669
    1463
    1436
    1333
    1329
    1262
    1166
    1241
    1210
    1239
    1217
    1163
    1200
    1138
    1204
    1093
    1208
    1185
    1214
    1187
    1170
    1158
    1177
    1211
    1221
    1187
    1244
    1245
    1207
    1214
    1220
    1277
    1279
    1264
    1280
    1264
    1195
    1248
    1218
    1293
    1271
    1284
    1278
    1230
    1290
    1307
    1295
    1260
    1228
    1290
    1292
    1284
    1300
    1307
    1243
    1287
    1351
    1334
    1314
    1340
    1273
    1285
    1279
    1293
    1332
    1337
    1372
    1243
    1378
    1331
    1346
    1358
    1342
    1350
    1257
    1317
    1331
    1292
    1272
    1329
    1311
    1357
    1287
    1291
    1304
    1293
    1333
    1274
    1312
    1332
    1322
    1332
    1358
    1312
    1287
    1319
    1351
    1271
    1322
    1318
    1326
    1249
    1313
    1325
    1313
    1323
    1305
    1246
    1334
    1304
    1326
    1374
    1273
    1345
    1351
    1251
    1359
    1269
    1304
    1352
    1286
    1319
    1327
    1264
    1313
    1365
    1309
    1294
    1346
    1344
    1323
    1307
    1352
    1334
    1324
    1343
    1297
    1384
    1382
    1319
    1342
    1345
    1314
    1332
    1370
    1284
    1373
    1348
    1404
    1338
    1338
    1416
    1341
    1383
    1388
    1417
    1425
    1397
    1429
    1357
    1357
    1337
    1405
    1378
    1418
    1391
    1348
    1467
    1391
    1455
    1414
    1439
    1349
    1403
    1383
    1333
    1419
    1465
    1432
    1446
    1479
    1402
    1428
    1482
    1394
    1528
    1407
    1440
    1504
    1463
    1483
    1432
    1441
    1458
    1548
    1513
    1510
    1483
    1451
    1510
    1519
    1498
    1514
    1513
    1564
    1541
    1491
    1559
    1560
    1489
    1518
    1524
    1559
    1534
    1460
    1529
    1549
    1534
    1458
    1559
    1584
    1508
    1566
    1592
    1467
    1518
    1585
    1561
    1550
    1573
    1560
    1508
    1551
    1562
    1566
    1566
    1486
    1524
    1538
    1559
    1630
    1585
    1482
    1517
    1559
    1600
    1608
    1568
    1607
    1542
    1562
    1548
    1589
    1600
    1615
    1625
    1619
    1568
    1502
    1538
    1571
    1632
    1585
    1611
    1589
    1588
    1611
    1659
    1635
    1624
    1714
    1644
    1636
    1587
    1638
    1662
    1607
    1660
    1640
    1658
    1669
    1621
    1689
    1681
    1673
    1711
    1682
    1639
    1701
    1723
    1736
    1695
    1631
    1782
    1689
    1682
    1694
    1732
    1728
    1711
    1734
    1770
    1729
    1691
    1769
    1806
    1714
    1772
    1776
    1794
    1709
    1804
    1748
    1804
    1800
    1741
    1770
    1790
    1766
    1782
    1746
    1816
    1795
    1792
    1824
    1788
    1815
    1771
    1804
    1854
    1848
    1806
    1824
    1818
    1822
    1850
    1907
    1813
    1857
    1825
    1949
    1767
    1836
    1812
    1816
    1883
    1819
    1839
    1827
    1810
    1865
    1820
    1840
    1823
    1869
    1834
    1806
    1773
    1860
    1812
    1832
    1796
    1857
    1919
    1872
    1893
    1868
    1882
    1856
    1839
    1860
    1891
    1876
    1842
    1785
    1947
    1891
    1949
    1864
    1920
    1826
    1826
    1846
    1823
    1882
    1834
    1990
    1885
    1852
    1888
    1922
    1871
    1850
    1932
    1847
    1892
    1828
    1848
    1959
    1883
    1948
    1997
    1881
    1848
    1823
    1986
    1991
    1883
    1928
    1867
    1934
    1902
    1965
    1921
    1891
    1955
    1890
    1930
    1859
    1902
    1892
    1923
    1987
    1915
    1942
    1964
    2004
    1942
    1972
    1944
    1923
    1956
    1963
    1983
    2026
    1924
    1975
    2055
    1951
    1994
    1982
    2029
    2012
    2123
    2083
    1995
    2122
    2135
    2108
    2030
    2098
    2115
    2183
    2159
    2100
    2157
    2094
    2154
    2180
    2269
    2304
    2055
    2196
    2213
    2298
    2305
    2224
    2323
    2216
    2213
    2266
    2365
    2383
    2336
    2339
    2281
    2338
    2415
    2345
    2399
    2441
    2324
    2441
    2417
    2354
    2378
    2504
    2358
    2470
    2538
    2375
    2477
    2486
    2371
    2485
    2432
    2401
    2469
    2457
    2425
    2546
    2471
    2392
    2473
    2397
    2501
    2435
    2382
    2392
    2451
    2385
    2414
    2479
    2449
    2451
    2479
    2385
    2463
    2403
    2423
    2354
    2454
    2456
    2359
    2404
    2394
    2418
    2360
    2409
    2483
    2436
    2393
    2248
    2413
    2383
    2302
    2372
    2468
    2311
    2400
    2397
    2284
    2373
    2300
    2285
    2262
    2265
    2421
    2432
    2303
    2328
    2246
    2250
    2295
    2211
    2254
    2223
    2361
    2304
    2299
    2368
    2206
    2195
    2196
    2263
    2214
    2232
    2187
    2180
    2254
    2276
    2197
    2199
    2282
    2226
    2130
    2284
    2125
    2163
    2171
    2247
    2246
    2228
    2210
    2134
    2164
    2158
    2153
    2093
    2134
    2223
    2099
    2180
    2158
    2206
    2174
    2087
    2241
    2235
    2162
    2204
    2165
    2163
    2119
    2109
    2104
    2174
    2188
    2151
    2118
    2197
    2116
    2153
    2144
    2044
    2132
    2105
    2035
    2100
    2116
    2191
    2182
    2129
    2099
    2089
    2094
    2109
    2072
    2101
    2098
    2145
    2015
    2118
    2025
    2078
    2030
    2038
    2108
    2018
    2032
    1988
    2003
    2032
    2052
    2043
    1942
    1998
    1973
    2013
    1932
    1994
    2063
    2014
    1998
    1948
    1969
    1937
    1996
    1973
    1955
    1983
    1987
    2068
    2038
    1922
    1949
    1861
    1840
    1931
    1923
    2031
    1895
    1883
    1886
    1929
    1901
    1922
    1863
    1936
    1926
    1940
    1921
    1879
    1923
    1891
    1788
    1945
    1892
    1821
    1918
    1848
    1946
    1892
    1815
    1826
    1822
    1820
    1869
    1868
    1891
    1853
    1830
    1825
    1796
    1874
    1885
    1789
    1804
    1791
    1732
    1832
    1844
    1723
    1812
    1792
    1779
    1824
    1833
    1786
    1884
    1796
    1794
    1767
    1762
    1712
    1781
    1679
    1755
    1736
    1701
    1694
    1757
    1758
    1769
    1705
    1728
    1679
    1743
    1787
    1818
    1682
    1665
    1744
    1765
    1832
    1769
    1673
    1729
    1723
    1783
    1699
    1698
    1691
    1690
    1621
    1745
    1677
    1704
    1710
    1709
    1711
    1659
    1714
    1716
    1670
    1756
    1725
    1693
    1712
    1646
    1598
    1640
    1606
    1695
    1628
    1597
    1677
    1671
    1728
    1602
    1637
    1633
    1665
    1628
    1595
    1635
    1617
    1643
    1647
    1641
    1590
    1664
    1643
    1633
    1562
    1692
    1611
    1643
    1608
    1648
    1611
    1593
    1656
    1650
    1580
    1651
    1631
    1647
    1691
    1565
    1612
    1584
    1635
    1609
    1576
    1593
    1512
    1556
    1535
    1573
    1587
    1534
    1595
    1535
    1556
    1545
    1512
    1535
    1592
    1602
    1517
    1570
    1578
    1522
    1528
    1581
    1503
    1564
    1526
    1485
    1488
    1493
    1534
    1530
    1469
    1547
    1511
    1452
    1482
    1462
    1483
    1486
    1493
    1491
    1530
    1479
    1475
    1379
    1490
    1436
    1451
    1427
    1485
    1435
    1446
    1432
    1333
    1397
    1428
    1412
    1378
    1434
    1316
    1369
    1344
    1329
    1349
    1339
    1298
    1307
    1349
    1344
    1298
    1281
    1287
    1308
    1275
    1258
    1261
    1320
    1233
    1246
    1300
    1128
    1242
    1283
    1215
    1230
    1225
    1199
    1187
    1148
    1130
    1126
    1142
    1199
    1111
    1122
    1143
    1154
    1094
    1169
    1127
    1126
    1096
    1135
    1123
    1045
    1065
    1069
    1030
    1072
    1078
    1093
    1093
    1038
    1070
    1003
    1055
    1032
    1029
     987
     995
    1054
    1013
     968
     959
     975
     953
    1001
     967
     998
     959
     954
     931
     910
     913
     999
     968
     949
     984
     926
     917
     927
     937
     922
     921
     945
     904
     928
     877
     918
     907
     885
     898
     944
     856
     922
     906
     855
     837
     837
     841
     868
     899
     884
     913
     867
     890
     935
     919
     931
     788
     848
     845
     858
     906
     853
     844
     808
     860
     818
     826
     818
     807
     861
     845
     807
     832
     857
     843
     847
     785
     842
     767
     813
     809
     845
     825
     794
     819
     792
     785
     826
     788
     852
     775
     804
     822
     825
     774
     773
     744
     787
     832
     857
     772
     799
     810
     864
     816
     835
     820
     794
     771
     775
     763
     765
     775
     774
     725
     783
     818
     782
     786
     746
     802
     821
     790
     758
     732
     787
     779
     771
     744
     848
     771
     775
     737
     792
     802
     774
     761
     766
     828
     801
     801
     727
     781
     721
     765
     721
     749
     796
     764
     780
     796
     798
     755
     759
     769
     749
     726
     766
     780
     736
     748
     709
     735
     725
     756
     785
     739
     777
     779
     763
     736
     800
     785
     743
     756
     735
     718
     766
     780
     712
     767
     792
     713
     736
     743
     773
     764
     762
     771
     798
     729
     794
     788
     740
     773
     805
     760
     744
     712
     743
     712
     755
     775
     752
     753
     740
     713
     756
     746
     745
     724
     725
     764
     724
     803
     765
     797
     807
     758
     806
     769
     772
     811
     752
     795
     750
     748
     770
     752
     800
     777
     803
     805
     814
     793
     744
     811
     772
     840
     789
     813
     811
     827
     772
     777
     790
     774
     805
     801
     826
     750
     799
     823
     799
     867
     798
     813
     868
     790
     797
     823
     778
     819
     817
     820
     810
     827
     816
     798
     838
     823
     887
     863
     858
     856
     866
     825
     797
     874
     869
     848
     852
     837
     905
     892
     899
     890
     869
     865
     883
     867
     907
     918
     926
     943
     889
     968
     867
     995
     930
     973
     949
     945
     946
     963
     951
     918
     967
     970
    1034
     947
     984
    1022
    1003
    1030
    1067
    1040
    1042
    1075
    1022
    1030
    1013
    1109
    1155
    1171
    1114
    1148
    1124
    1199
    1245
    1233
    1262
    1212
    1270
    1324
    1334
    1326
    1355
    1330
    1360
    1444
    1414
    1444
    1467
    1475
    1498
    1545
    1625
    1555
    1598
    1694
    1633
    1705
    1707
    1721
    1817
    1812
    1844
    1898
    1854
    1948
    1939
    1993
    2035
    2109
    2098
    2195
    2343
    2328
    2239
    2319
    2396
    2395
    2475
    2533
    2540
    2595
    2636
    2781
    2824
    2797
    2797
    2969
    2946
    2961
    3086
    3139
    3309
    3307
    3235
    3409
    3361
    3392
    3431
    3581
    3810
    3724
    3728
    3806
    3745
    3848
    3884
    4034
    4183
    4080
    4286
    4182
    4262
    4420
    4463
    4468
    4514
    4454
    4653
    4722
    4758
    4903
    4869
    4835
    4956
    5125
    5107
    5069
    5280
    5181
    5190
    5298
    5313
    5349
    5401
    5611
    5515
    5630
    5594
    5682
    5570
    5752
    5722
    5694
    5592
    5819
    5783
    5885
    5802
    5887
    5948
    5919
    5989
    5900
    5904
    5895
    5919
    5913
    5987
    5826
    5945
    5993
    5878
    5934
    5904
    5849
    5831
    5889
    5757
    5945
    5740
    5835
    5692
    5630
    5595
    5579
    5398
    5433
    5456
    5359
    5432
    5148
    5265
    5365
    5054
    5110
    5043
    4970
    4974
    4826
    4739
    4721
    4636
    4661
    4587
    4397
    4438
    4335
    4262
    4213
    4113
    3971
    3962
    3839
    3806
    3632
    3740
    3569
    3558
    3549
    3521
    3396
    3209
    3319
    3167
    3057
    2968
    2877
    2915
    2903
    2727
    2654
    2668
    2573
    2409
    2442
    2305
    2372
    2266
    2159
    2234
    2111
    2032
    1971
    1932
    1855
    1763
    1850
    1707
    1670
    1636
    1599
    1551
    1507
    1385
    1413
    1359
    1278
    1275
    1169
    1209
    1164
    1103
    1134
    1107
    1075
     997
    1016
     962
     922
     917
     851
     840
     841
     803
     723
     787
     708
     710
     695
     699
     710
     636
     590
     590
     601
     597
     610
     512
     536
     527
     538
     552
     490
     528
     477
     471
     495
     482
     482
     435
     444
     410
     413
     430
     443
     434
     409
     398
     408
     382
     391
     389
     377
     380
     340
     379
     352
     377
     386
     370
     343
     367
     389
     338
     352
     382
     363
     359
     325
     329
     356
     336
     376
     339
     340
     354
     335
     353
     355
     339
     322
     332
     353
     353
     344
     325
     364
     322
     354
     332
     338
     357
     299
     336
     294
     327
     332
     363
     324
     317
     351
     341
     340
     323
     325
     315
     357
     337
     348
     341
     327
     352
     311
     342
     324
     327
     357
     361
     331
     330
     331
     310
     339
     317
     346
     303
     317
     315
     279
     327
     335
     343
     293
     330
     317
     332
     353
     331
     338
     306
     305
     331
     342
     380
     336
     357
     327
     314
     341
     314
     343
     340
     331
     349
     334
     338
     367
     342
     324
     352
     340
     358
     350
     327
     349
     316
     350
     372
     351
     355
     323
     394
     347
     353
     339
     348
     333
     327
     358
     332
     366
     378
     358
     329
     389
     369
     376
     352
     370
     347
     326
     348
     373
     349
     373
     369
     382
     373
     369
     362
     381
     347
     395
     394
     340
     400
     381
     337
     383
     405
     365
     386
     387
     364
     355
     425
     391
     406
     398
     418
     402
     391
     426
     400
     399
     440
     431
     395
     436
     398
     427
     393
     458
     421
     436
     412
     428
     423
     424
     408
     423
     430
     414
     437
     404
     417
     452
     463
     427
     444
     473
     426
     497
     439
     442
     443
     447
     466
     464
     479
     447
     463
     472
     469
     442
     441
     494
     487
     470
     429
     490
     481
     436
     437
     508
     476
     437
     515
     476
     493
     449
     484
     477
     517
     483
     497
     431
     455
     510
     470
     478
     474
     498
     501
     511
     448
     473
     446
     514
     458
     478
     533
     453
     449
     476
     492
     464
     483
     403
     471
     489
     472
     467
     441
     403
     437
     465
     412
     490
     470
     439
     447
     458
     422
     483
     470
     454
     461
     450
     419
     405
     445
     416
     436
     420
     435
     411
     474
     395
     415
     430
     421
     403
     400
     384
     413
     426
     396
     382
     423
     438
     429
     387
     403
     378
     410
     375
     398
     393
     377
     365
     396
     394
     420
     368
     376
     383
     364
     371
     360
     372
     325
     395
     376
     340
     348
     312
     353
     373
     350
     341
     325
     346
     335
     305
     319
     330
     353
     345
     331
     312
     310
     332
     314
     329
     340
     309
     327
     337
     317
     321
     306
     312
     300
     316
     290
     324
     316
     321
     324
     319
     309
     304
     318
     317
     284
     310
     297
     278
     279
     269
     295
     298
     282
     286
     298
     298
     275
     256
     288
     293
     281
     287
     316
     277
     277
     325
     317
     284
     298
     301
     291
     293
     283
     286
     270
     309
     258
     269
     275
     326
     260
     282
     274
     284
     266
     254
     294
     296
     284
     279
     299
     267
     276
     249
     261
     293
     261
     254
     278
     270
     297
     285
     265
     263
     275
     247
     289
     310
     253
     287
     293
     265
     278
     294
     263
     300
     277
     310
     262
     286
     286
     256
     279
     291
     281
     306
     262
     291
     269
     302
     303
     278
     287
     289
     307
     288
     266
     257
     287
     269
     269
     297
     276
     279
       0
       0
       0
       0
       0
       0
       0
       0
       0
       0
       0
       0
       0
       0
       0
       0
       0
       0
       0
       0
       0
       0
       0
       0
       0
       0
       0
       0
       0
       0
       0
       0
$ROI:
0
$PRESETS:
None
0
0
$ENER_FIT:
0.000000 0.722271
$MCA_CAL:
3
0.000000E+000 7.222707E-001 0.000000E+000 keV
$SHAPE_CAL:
3
0.000000E+000 0.000000E+000 0.000000E+000
