$SPEC_ID:
Scatter
$SPEC_REM:
DET# 2
DETDESC# JLAB-11 MCB 133
AP# Maestro Version 7.01
$DATE_MEA:
03/06/2025 14:13:05
$MEAS_TIM:
232 326
$DATA:
0 2047
       0
       0
       0
       1
       3
      30
    9289
 1738766
  358639
  405454
  286954
  221285
  176184
  138066
  105838
   82194
   62298
   47908
   36716
   28132
   21688
   17013
   13096
   10004
    7742
    6101
    4799
    3738
    3035
    2494
    1971
    1673
    1492
    1314
    1159
    1042
    1021
     919
     900
     877
     866
     847
     801
     844
     848
     872
     825
     825
     815
     841
     773
     790
     867
     851
     832
     841
     848
     863
     847
     815
     863
     811
     826
     893
     857
     822
     863
     860
     890
     818
     825
     851
     900
     882
     851
     850
     884
     938
     882
     884
     847
     918
     910
     948
     939
     919
     943
     893
     981
     943
     931
     931
     930
     907
     897
     976
     917
     945
     967
     921
     867
     928
     907
     911
     923
     902
     907
     920
     882
     875
     934
     931
     897
     919
     914
     946
     913
     891
     941
     930
     852
     900
     939
     943
     891
     926
     907
     954
     953
     913
     920
     895
     893
     894
     947
     938
     944
     922
     922
     951
     938
     949
     953
     979
     908
     902
     902
     932
     924
     958
     961
     931
     976
     887
     975
     948
     900
     913
    1002
     942
     927
     934
    1010
     988
     950
     984
     940
     913
    1006
    1010
     941
    1032
     925
     993
     986
     980
     933
     906
    1019
     939
     967
    1017
     940
    1010
     988
     992
    1018
     999
     954
    1014
     948
     980
    1008
     948
    1012
    1021
    1066
    1035
    1034
     949
    1089
    1019
    1026
     964
    1025
    1004
    1022
    1013
    1046
     950
    1045
     979
    1062
    1058
    1115
    1073
    1059
    1028
    1032
    1087
    1051
    1040
    1101
    1067
    1091
    1107
    1076
    1034
    1098
    1053
    1050
    1066
    1099
    1121
    1067
    1101
    1067
    1121
    1101
    1129
    1099
    1125
    1071
    1071
    1119
    1093
    1065
    1097
    1064
    1086
    1065
    1111
    1049
    1108
    1082
    1098
    1089
    1080
    1145
    1203
    1080
    1132
    1137
    1111
    1135
    1161
    1155
    1155
    1118
    1139
    1105
    1095
    1135
    1093
    1121
    1132
    1157
    1106
    1166
    1125
    1095
    1143
    1149
    1075
    1142
    1138
    1132
    1207
    1092
    1126
    1160
    1139
    1190
    1155
    1202
    1153
    1149
    1156
    1158
    1158
    1160
    1147
    1209
    1186
    1164
    1160
    1138
    1216
    1169
    1192
    1197
    1234
    1224
    1234
    1159
    1170
    1264
    1158
    1181
    1151
    1189
    1257
    1212
    1276
    1174
    1205
    1174
    1212
    1213
    1262
    1299
    1236
    1226
    1245
    1275
    1258
    1278
    1238
    1307
    1293
    1239
    1275
    1249
    1321
    1269
    1281
    1383
    1223
    1279
    1265
    1313
    1235
    1238
    1313
    1321
    1255
    1323
    1258
    1304
    1276
    1275
    1302
    1293
    1368
    1298
    1268
    1279
    1318
    1329
    1340
    1370
    1288
    1296
    1350
    1292
    1317
    1307
    1357
    1343
    1331
    1321
    1328
    1355
    1332
    1300
    1335
    1387
    1313
    1332
    1302
    1379
    1327
    1314
    1252
    1292
    1327
    1275
    1334
    1266
    1316
    1293
    1312
    1264
    1315
    1321
    1333
    1327
    1399
    1336
    1324
    1340
    1292
    1325
    1298
    1290
    1351
    1340
    1347
    1326
    1354
    1327
    1363
    1328
    1354
    1310
    1362
    1325
    1300
    1326
    1325
    1334
    1311
    1369
    1442
    1319
    1426
    1401
    1375
    1395
    1377
    1360
    1432
    1338
    1349
    1339
    1404
    1390
    1373
    1462
    1401
    1379
    1393
    1405
    1340
    1357
    1470
    1452
    1503
    1460
    1481
    1523
    1436
    1456
    1501
    1457
    1524
    1495
    1458
    1457
    1549
    1545
    1506
    1616
    1642
    1611
    1581
    1594
    1574
    1572
    1614
    1599
    1628
    1602
    1644
    1709
    1665
    1703
    1701
    1696
    1719
    1661
    1684
    1729
    1627
    1738
    1719
    1690
    1742
    1723
    1744
    1746
    1691
    1660
    1750
    1668
    1706
    1678
    1651
    1693
    1705
    1661
    1736
    1607
    1708
    1704
    1633
    1689
    1628
    1747
    1672
    1644
    1610
    1674
    1639
    1653
    1684
    1626
    1680
    1634
    1615
    1600
    1545
    1614
    1659
    1532
    1588
    1528
    1606
    1582
    1596
    1637
    1552
    1540
    1601
    1539
    1543
    1552
    1528
    1504
    1530
    1502
    1541
    1605
    1512
    1479
    1515
    1477
    1568
    1537
    1562
    1559
    1588
    1545
    1500
    1530
    1501
    1546
    1465
    1487
    1524
    1509
    1471
    1512
    1496
    1526
    1479
    1498
    1557
    1483
    1451
    1499
    1532
    1463
    1565
    1510
    1454
    1472
    1481
    1538
    1496
    1460
    1453
    1489
    1561
    1469
    1501
    1513
    1508
    1480
    1437
    1574
    1427
    1473
    1517
    1460
    1469
    1438
    1461
    1423
    1449
    1497
    1480
    1512
    1460
    1504
    1426
    1376
    1478
    1463
    1474
    1473
    1422
    1522
    1481
    1461
    1427
    1498
    1433
    1422
    1493
    1456
    1450
    1423
    1513
    1448
    1473
    1414
    1499
    1422
    1523
    1313
    1466
    1402
    1399
    1392
    1372
    1394
    1429
    1402
    1429
    1382
    1421
    1464
    1403
    1403
    1446
    1384
    1401
    1368
    1322
    1391
    1363
    1425
    1410
    1367
    1265
    1339
    1397
    1326
    1312
    1326
    1372
    1381
    1363
    1323
    1308
    1297
    1356
    1322
    1359
    1344
    1345
    1314
    1372
    1282
    1351
    1323
    1269
    1390
    1347
    1300
    1315
    1355
    1358
    1239
    1326
    1315
    1305
    1298
    1364
    1284
    1319
    1248
    1290
    1284
    1297
    1250
    1297
    1275
    1288
    1260
    1293
    1215
    1274
    1249
    1274
    1246
    1226
    1274
    1277
    1264
    1240
    1305
    1244
    1229
    1232
    1270
    1289
    1229
    1304
    1287
    1306
    1335
    1285
    1276
    1227
    1233
    1236
    1240
    1208
    1305
    1192
    1168
    1212
    1228
    1268
    1237
    1226
    1212
    1243
    1250
    1237
    1306
    1275
    1245
    1138
    1189
    1164
    1292
    1178
    1209
    1223
    1202
    1226
    1230
    1223
    1227
    1219
    1226
    1229
    1231
    1197
    1158
    1184
    1304
    1205
    1160
    1204
    1209
    1167
    1253
    1194
    1156
    1209
    1163
    1175
    1172
    1205
    1183
    1143
    1214
    1164
    1226
    1149
    1188
    1227
    1150
    1253
    1148
    1211
    1124
    1194
    1197
    1206
    1118
    1194
    1204
    1246
    1147
    1205
    1125
    1108
    1175
    1184
    1191
    1250
    1150
    1102
    1200
    1123
    1189
    1203
    1209
    1151
    1196
    1180
    1217
    1162
    1170
    1188
    1141
    1218
    1179
    1140
    1193
    1149
    1148
    1191
    1113
    1161
    1068
    1139
    1106
    1128
    1087
    1121
    1141
    1183
    1149
    1085
    1182
    1163
    1110
    1134
    1134
    1092
    1119
    1092
    1120
    1161
    1114
    1090
    1087
    1103
    1119
    1146
    1073
    1127
    1098
    1074
    1046
    1035
    1084
    1017
    1034
    1056
    1017
    1074
    1043
    1062
    1024
    1049
     972
     965
    1048
    1021
    1018
    1000
     980
     980
    1004
    1021
     978
     981
     956
     957
     905
     949
     911
     932
     946
     886
     927
     879
     933
     957
     887
     941
     914
     890
     870
     868
     875
     830
     930
     836
     824
     848
     859
     835
     828
     798
     814
     795
     818
     791
     778
     791
     760
     769
     766
     815
     754
     806
     758
     804
     766
     734
     754
     770
     724
     703
     716
     707
     758
     708
     707
     688
     706
     718
     642
     702
     684
     688
     674
     684
     751
     692
     647
     643
     619
     608
     673
     696
     719
     674
     676
     668
     607
     633
     649
     653
     626
     660
     613
     647
     647
     631
     640
     603
     584
     629
     651
     623
     623
     618
     629
     585
     639
     606
     642
     602
     582
     582
     587
     613
     660
     576
     650
     554
     569
     556
     579
     584
     618
     563
     595
     572
     559
     550
     579
     560
     561
     571
     556
     579
     582
     569
     576
     564
     566
     554
     518
     556
     580
     514
     549
     528
     526
     536
     541
     523
     554
     470
     557
     482
     522
     545
     520
     539
     528
     555
     511
     545
     548
     535
     481
     499
     503
     527
     539
     518
     542
     538
     488
     536
     521
     542
     545
     507
     530
     534
     494
     510
     493
     505
     547
     493
     488
     551
     522
     496
     506
     488
     490
     508
     501
     519
     470
     439
     531
     489
     524
     517
     478
     509
     516
     462
     518
     470
     463
     471
     519
     536
     457
     466
     502
     504
     494
     499
     516
     504
     513
     482
     511
     505
     516
     459
     507
     488
     509
     496
     512
     488
     459
     477
     490
     520
     489
     495
     474
     472
     467
     501
     509
     487
     496
     522
     477
     499
     472
     509
     486
     504
     490
     478
     469
     443
     479
     485
     499
     523
     485
     494
     530
     522
     486
     475
     507
     451
     474
     477
     488
     493
     501
     508
     489
     470
     522
     482
     456
     507
     505
     487
     509
     452
     473
     447
     519
     515
     492
     457
     511
     498
     490
     529
     493
     518
     503
     500
     497
     503
     505
     558
     489
     518
     573
     475
     501
     495
     546
     504
     484
     498
     514
     516
     479
     475
     512
     507
     498
     516
     480
     486
     509
     519
     548
     500
     525
     503
     527
     529
     538
     544
     530
     475
     519
     504
     513
     537
     517
     532
     548
     541
     552
     574
     569
     486
     520
     534
     559
     585
     547
     562
     582
     543
     529
     530
     603
     539
     577
     577
     560
     613
     614
     568
     587
     618
     610
     623
     590
     637
     613
     640
     683
     633
     704
     660
     717
     680
     661
     649
     690
     685
     718
     777
     746
     734
     761
     767
     835
     839
     886
     878
     878
     895
     958
     907
     925
     951
     916
    1004
    1014
    1001
    1066
    1093
    1153
    1151
    1157
    1170
    1165
    1221
    1324
    1338
    1360
    1349
    1361
    1393
    1439
    1494
    1475
    1509
    1545
    1592
    1673
    1722
    1704
    1751
    1827
    1905
    1888
    1838
    1963
    2014
    2001
    2031
    2214
    2152
    2201
    2365
    2293
    2477
    2381
    2435
    2407
    2592
    2600
    2726
    2736
    2752
    2726
    2919
    2913
    2952
    3123
    3197
    3147
    3119
    3174
    3275
    3327
    3414
    3393
    3452
    3567
    3547
    3687
    3736
    3723
    3752
    3718
    3863
    3766
    3869
    4038
    4042
    4157
    4199
    4223
    4165
    4310
    4273
    4282
    4416
    4530
    4463
    4472
    4471
    4577
    4493
    4659
    4548
    4624
    4723
    4791
    4748
    4819
    4718
    4759
    4811
    4824
    4741
    4886
    4884
    5030
    4924
    4719
    4930
    4840
    4794
    5018
    4789
    4788
    4698
    4787
    4799
    4683
    4770
    4783
    4680
    4642
    4586
    4530
    4553
    4550
    4546
    4443
    4578
    4511
    4381
    4412
    4370
    4276
    4184
    4177
    4224
    4081
    3980
    3911
    3891
    3821
    3789
    3703
    3732
    3645
    3547
    3550
    3289
    3405
    3317
    3233
    3250
    3091
    3174
    3044
    2917
    2987
    2838
    2713
    2778
    2654
    2532
    2503
    2543
    2391
    2376
    2315
    2152
    2144
    2197
    2058
    2045
    1860
    1889
    1823
    1765
    1719
    1651
    1593
    1581
    1523
    1459
    1444
    1399
    1287
    1355
    1247
    1227
    1236
    1154
    1075
    1043
     980
    1050
     971
     925
     938
     875
     837
     780
     792
     760
     776
     703
     699
     642
     651
     630
     563
     594
     521
     516
     526
     517
     509
     510
     454
     432
     456
     422
     433
     452
     388
     379
     360
     376
     359
     374
     337
     317
     310
     293
     326
     304
     306
     286
     277
     308
     310
     269
     273
     260
     258
     252
     243
     245
     241
     264
     248
     212
     224
     218
     227
     232
     231
     233
     217
     245
     218
     187
     223
     210
     176
     229
     237
     229
     233
     226
     194
     209
     219
     172
     196
     219
     226
     220
     172
     201
     222
     190
     206
     194
     212
     192
     198
     212
     203
     200
     202
     187
     200
     203
     215
     208
     192
     207
     227
     223
     215
     201
     190
     219
     205
     205
     216
     199
     192
     221
     219
     202
     208
     200
     210
     217
     204
     208
     201
     208
     228
     213
     199
     190
     208
     200
     213
     201
     172
     219
     215
     206
     212
     205
     220
     195
     208
     222
     220
     206
     204
     206
     230
     234
     205
     208
     197
     201
     211
     207
     200
     232
     214
     206
     217
     202
     192
     217
     203
     223
     205
     223
     207
     223
     209
     205
     194
     199
     205
     210
     206
     218
     209
     203
     200
     199
     203
     198
     218
     222
     205
     230
     192
     214
     216
     216
     191
     209
     211
     217
     200
     205
     218
     209
     177
     207
     217
     215
     181
     221
     218
     201
     215
     206
     209
     180
     182
     186
     218
     208
     226
     227
     221
     210
     198
     183
     220
     217
     229
     201
     203
     178
     212
     187
     198
     204
     225
     242
     219
     203
     204
     243
     208
     216
     226
     179
     242
     182
     194
     194
     215
     200
     201
     201
     219
     202
     226
     204
     216
     195
     185
     226
     200
     206
     230
     200
     195
     224
     243
     212
     218
     203
     242
     226
     198
     209
     189
     209
     212
     207
     224
     224
     182
     207
     203
     205
     212
     211
     228
     203
     191
     219
     225
     231
     221
     222
     206
     202
     201
     211
     219
     223
     252
     207
     232
     222
     183
     195
     225
     229
     187
     183
     220
     220
     242
     200
     227
     210
     222
     216
     219
     217
     224
     193
     196
     201
     206
     217
     208
     229
     197
     223
     220
     191
     201
     193
     205
     238
     225
     209
     182
     174
     213
     188
     220
     207
     198
     211
     191
     215
     186
     206
     228
     203
     212
     186
     210
     207
     222
     202
     207
     209
     217
     196
     182
     197
     179
     232
     182
     219
     196
     204
     231
     205
     212
     215
     206
     219
     182
     224
     217
     199
     207
     213
     209
     218
     213
     235
     201
     220
     210
     196
     208
     179
     185
     200
     192
     218
     208
     196
     196
     212
     190
     184
     194
     197
     163
     180
     196
     197
     187
     213
     202
     189
     186
     207
     228
     184
     176
     192
     195
     232
     213
     189
     181
     229
     223
     201
     173
     197
     201
     194
     187
     192
     196
     195
     169
     213
     193
     174
     181
     206
     211
     194
     189
     181
     168
     185
     198
     159
     214
     192
     204
     200
     201
     190
     189
     191
     177
     183
     179
     204
     237
     197
     176
     175
     188
     186
     196
     186
     188
     210
     176
     178
     160
     191
     195
     205
     172
     199
     195
     198
     206
     174
     195
     171
     164
     186
     205
     189
     198
     184
     192
     179
     185
     192
     183
     180
     180
     171
     180
     179
     180
     188
     174
     184
     173
     210
     197
     191
     180
     200
     198
     166
     201
     177
     178
     197
     182
     213
     201
     195
     174
     189
     169
     201
     163
     182
     162
     182
     180
     201
     195
     189
     173
     189
     201
     166
     200
     219
     177
     211
     176
     210
     181
     176
     201
     166
       0
       0
       0
       0
       0
       0
       0
       0
       0
       0
       0
       0
       0
       0
       0
       0
       0
       0
       0
       0
       0
       0
       0
       0
       0
       0
       0
       0
       0
       0
       0
       0
$ROI:
0
$PRESETS:
None
0
0
$ENER_FIT:
0.000000 0.421939
$MCA_CAL:
3
0.000000E+000 4.219387E-001 0.000000E+000 keV
$SHAPE_CAL:
3
0.000000E+000 0.000000E+000 0.000000E+000
