$SPEC_ID:
Recoil
$SPEC_REM:
DET# 3
DETDESC# JLAB-11 MCB 134
AP# Maestro Version 7.01
$DATE_MEA:
03/06/2025 14:34:00
$MEAS_TIM:
1359 1465
$DATA:
0 2047
       0
       0
       0
       0
       0
       0
       0
       0
       0
       0
       0
       6
      81
      63
      34
      29
      12
       5
       4
       5
       4
       2
       3
       2
       2
       5
       3
       4
       1
       4
       4
       3
       1
       6
       1
       5
       4
       2
       5
       4
       4
       5
       7
       3
       4
       6
       6
       3
       3
       5
       2
      10
       2
       4
       2
       6
       9
       2
       7
       7
       4
       8
      11
       2
       5
       5
      10
       3
       8
       6
       8
       8
       4
       5
       4
       6
       4
      10
       9
       7
      10
       4
       9
       1
       4
       9
       5
       8
       6
       7
       6
      13
       5
       9
       4
       6
       9
       7
      11
       6
       7
       9
       4
      13
       6
       7
       8
      10
       6
       8
       7
       4
       7
      11
       5
       6
      10
       7
       5
       3
       4
       9
      10
       9
       6
      12
       8
       3
       7
       9
       4
       8
      11
       2
       3
       6
       9
       9
      14
       8
       6
       8
       7
      13
       4
       4
      10
       5
       6
       4
       7
      10
       9
       8
       5
      12
       6
       9
       8
       6
       7
      15
      16
       5
       3
      15
      14
       6
       6
      15
       8
      15
       7
      10
       8
       6
       5
       9
       9
       9
       8
       7
       8
      12
      12
       5
       6
      11
      15
      12
      16
       8
       6
       5
       8
       6
      15
      10
      10
       9
      14
       7
      14
      18
       5
      17
      16
       7
      13
      11
      10
      12
      10
       9
       7
      14
      11
      17
      11
      15
      14
       8
      20
      20
      11
      14
       9
       6
      11
      10
      17
      12
       9
       9
      14
      18
      15
      15
       8
      12
      14
       9
      11
       9
      13
      12
      13
      12
      16
       7
      14
       8
      12
      15
      11
      13
      10
      21
      14
      10
       9
      15
      11
      22
       5
      20
      20
      10
       9
      22
      22
      10
      14
      15
      16
      14
      17
      18
      16
      17
      10
      18
      19
      14
      20
      15
      15
      12
      17
      23
      24
      23
      14
      12
      16
      21
      10
      20
      13
      28
      23
      21
      23
      17
      18
      13
      20
      23
      25
      11
      20
      16
      28
      28
      19
      24
      27
      23
      32
      32
      23
      15
      28
      34
      22
      27
      28
      21
      28
      30
      41
      14
      20
      25
      20
      18
      27
      24
      30
      36
      34
      30
      32
      30
      27
      27
      32
      30
      31
      31
      28
      27
      23
      33
      30
      36
      25
      25
      34
      36
      30
      25
      23
      29
      39
      31
      33
      38
      36
      19
      29
      33
      38
      36
      27
      22
      31
      36
      29
      36
      40
      31
      36
      28
      39
      26
      25
      37
      41
      27
      34
      34
      33
      38
      35
      28
      31
      35
      33
      27
      28
      44
      29
      40
      28
      32
      30
      42
      48
      29
      32
      31
      34
      33
      35
      31
      44
      38
      48
      39
      30
      35
      35
      33
      29
      35
      48
      38
      25
      35
      33
      40
      27
      39
      42
      38
      28
      39
      38
      25
      44
      46
      38
      32
      42
      43
      34
      30
      33
      34
      33
      30
      47
      24
      39
      24
      30
      38
      33
      40
      41
      50
      35
      39
      28
      38
      39
      31
      29
      38
      47
      31
      32
      26
      28
      40
      26
      37
      44
      31
      38
      27
      37
      39
      32
      35
      28
      49
      40
      39
      27
      36
      24
      42
      37
      38
      27
      28
      41
      32
      30
      38
      28
      30
      37
      31
      28
      34
      29
      43
      35
      30
      29
      27
      33
      39
      39
      30
      35
      32
      29
      38
      34
      36
      30
      32
      40
      33
      30
      33
      27
      36
      26
      35
      47
      26
      26
      32
      25
      17
      22
      30
      38
      32
      31
      33
      23
      29
      26
      22
      37
      30
      27
      29
      33
      21
      26
      36
      32
      22
      23
      30
      26
      36
      26
      24
      19
      28
      20
      25
      25
      25
      19
      25
      26
      24
      21
      25
      18
      25
      30
      22
      21
      18
      25
      24
      30
      15
      29
      36
      34
      25
      12
      21
      18
      22
      20
      18
      31
      19
      25
      18
      27
      16
      16
      20
      17
      23
      20
      22
      21
      17
      19
      19
      21
      26
      16
      16
      20
      19
      17
      22
      18
      15
      25
      16
      18
      17
      11
      12
      13
      17
      15
      21
      11
      10
      21
      11
      13
      18
      19
      19
      23
      15
      15
       8
      14
      12
      12
      10
      13
      12
      16
      16
      13
      13
      10
      15
      14
      10
      20
      11
      14
       5
      17
      10
      14
      14
      11
      13
      16
       8
      17
      16
      14
      20
       3
      14
       9
      14
      15
      12
      15
      12
      13
      14
       9
      15
      10
      16
       9
       7
      10
      12
       7
      12
      14
      14
      11
      10
      16
      10
       7
      14
      14
       5
      12
      16
       7
      10
      14
      10
      13
      10
      10
      11
      14
      13
      11
       6
       4
       6
      12
      13
       7
       6
       5
      13
       9
      16
      14
       9
       9
      11
       9
      12
       7
       9
      12
      10
      12
      10
       8
       7
       8
      10
       9
      10
      12
      13
       9
      15
       7
      10
       6
      10
      12
      10
       4
       6
      10
       8
      11
      12
      10
       9
      10
       9
       7
       6
       6
       7
      13
      12
      15
       8
       3
      12
       8
      13
      10
      12
       7
       7
       9
       6
       4
       3
       6
       7
       6
       6
      11
      10
       6
       8
      12
       6
       7
       8
       9
       4
       7
       6
       9
       4
       5
       6
       6
       7
       7
       4
      11
      12
       9
      10
       5
       7
       7
       6
      10
       3
       6
      17
      13
      10
       8
       6
       8
      14
       7
       5
       9
      10
       9
       6
      13
      11
       6
       5
       6
       9
       8
       6
       8
       5
       6
       5
       8
       7
       7
       8
      10
       3
       9
      12
       4
       9
       8
       8
      10
      11
      10
       5
       5
       8
      10
       8
       8
       9
      11
       9
       7
       7
       8
      11
      11
       8
       4
       3
       4
       6
       4
      12
       9
      11
       3
      12
       6
       8
       5
       3
       8
      10
       4
      10
       8
       7
      13
      11
       9
      14
      16
      14
      12
      11
       9
      10
       9
       9
      12
      11
      12
      10
       9
      11
       6
       9
       6
      10
       9
      11
       8
       6
      11
      10
       6
       8
      10
      12
       9
      11
      14
      13
       9
      12
       7
       8
      10
      11
      11
       7
      11
       6
       6
       5
      11
      10
       9
      11
       8
      12
      10
       8
       6
       7
       5
       5
       7
       6
       5
       9
      11
       6
       7
       5
      11
       8
       6
       4
      11
       5
       9
       8
       5
      10
       6
       8
       9
       3
       6
       4
       8
       8
       7
       8
       6
       3
       2
       9
       5
       8
       6
       7
       0
       2
       6
      14
       8
       9
       8
       8
       7
      10
       5
       6
       4
       9
       7
      10
       2
      11
       1
       3
       6
       7
       8
       4
       7
      10
      10
       8
       9
       5
       9
       7
       9
       6
       8
       8
       6
       1
       9
       7
       7
       7
       6
       9
      12
      11
      10
      11
       6
      10
      10
       5
       5
       9
       5
       6
       3
       6
       9
       4
       6
       4
       6
       6
       4
       8
       9
       3
       6
       8
       8
      13
       8
      10
       7
       8
       4
       5
       3
       4
       3
       9
       8
       8
       5
       6
       5
       8
       5
       6
       4
      14
       6
       5
       5
       7
       6
       8
       5
       5
      12
      12
       4
       9
       7
       5
      12
       6
      12
       6
       6
       3
       7
       8
       1
       3
       8
      10
       6
       3
       9
      10
       5
       5
       9
       8
      12
       5
      10
       3
       7
       3
       5
       5
       6
       7
       6
       8
       4
       8
      10
       5
       2
       9
       2
       5
       6
       5
       8
       9
       5
       4
       6
       7
       7
       1
       6
       9
       7
       3
       6
      10
       7
       6
       7
       7
       5
       5
      13
       6
       6
       6
       6
       6
       6
       7
       6
       5
       7
       7
       5
       6
       8
       4
       7
       4
      10
       8
       3
       3
       5
       8
       4
       5
      11
       7
       5
       3
       3
       4
       3
      10
       7
       6
      10
       3
       7
       6
       5
       6
       9
       4
       6
       4
       7
       7
       6
       5
       6
       7
       7
       5
      11
       9
       2
       2
       7
       8
       5
       5
       5
       9
       5
       5
       5
       8
       6
       6
       7
       6
       5
       2
       8
       7
      11
       5
       3
      10
       8
       5
       4
       2
       5
       4
       5
       8
       6
       4
       4
       6
       9
       4
       9
       3
       3
       1
       6
       6
       5
       4
       0
       4
       5
       5
       3
       1
       3
       6
       5
       2
       3
       4
       6
       5
       2
       0
       4
       6
       6
       5
       4
       2
       4
       4
       3
       0
       1
       2
       3
       4
       4
       1
       5
       7
       2
       4
       2
       6
       2
       0
       4
       5
       5
       2
       1
       5
       3
       5
       2
       3
       3
       7
       6
       3
       1
       5
       1
       0
       4
       4
       6
       2
       2
       4
       2
       3
       2
       6
       4
       3
       3
       2
       2
       2
       4
       3
       3
       2
       4
       2
       1
       7
       0
       2
       2
       2
       9
       1
       3
       6
       2
       0
       5
       0
       3
       4
       4
       5
       2
       2
       2
       1
       2
       0
       3
       2
       6
       1
       3
       5
       1
       3
       3
       2
       1
       1
       2
       1
       1
       1
       3
       4
       2
       1
       1
       1
       2
       4
       1
       1
       1
       2
       4
       4
       4
       0
       2
       2
       3
       3
       2
       0
       2
       2
       0
       1
       4
       3
       1
       0
       3
       1
       2
       1
       1
       1
       2
       2
       2
       1
       3
       1
       1
       3
       0
       2
       2
       1
       0
       1
       0
       2
       0
       0
       2
       3
       0
       1
       0
       1
       1
       2
       0
       1
       2
       2
       1
       2
       4
       1
       2
       2
       5
       1
       1
       1
       0
       3
       3
       0
       4
       0
       0
       1
       2
       1
       3
       1
       0
       3
       0
       2
       2
       0
       0
       0
       0
       3
       0
       1
       1
       3
       3
       4
       0
       1
       1
       1
       3
       0
       0
       0
       2
       3
       0
       1
       2
       4
       0
       0
       1
       3
       1
       1
       0
       2
       1
       3
       1
       3
       1
       4
       1
       1
       2
       1
       1
       3
       2
       0
       1
       4
       1
       2
       1
       4
       4
       0
       2
       3
       3
       1
       0
       4
       3
       2
       1
       1
       1
       1
       0
       1
       3
       1
       1
       4
       0
       3
       3
       2
       2
       0
       3
       0
       1
       2
       3
       4
       0
       0
       2
       2
       2
       2
       1
       5
       2
       0
       2
       1
       1
       2
       0
       2
       0
       1
       2
       3
       1
       2
       2
       0
       1
       0
       2
       2
       1
       2
       1
       4
       0
       0
       0
       2
       1
       2
       0
       3
       1
       1
       2
       3
       0
       0
       2
       4
       5
       2
       4
       3
       0
       1
       2
       0
       2
       5
       0
       2
       2
       3
       0
       2
       1
       3
       3
       2
       4
       2
       2
       2
       6
       4
       3
       1
       2
       1
       2
       0
       0
       2
       1
       2
       4
       3
       2
       2
       1
       2
       1
       3
       2
       2
       5
       4
       3
       7
       3
       0
       3
       3
       5
       4
       2
       1
       3
       3
       3
       2
       6
       4
       5
       1
       5
       3
       4
       7
       2
       4
       2
       1
       5
       4
       6
       8
       5
       5
       4
       4
       6
       6
       9
       6
       8
       6
       6
       4
       6
       8
       8
       4
       6
       4
       4
       8
       6
       8
       4
      11
       6
       6
       5
       6
       7
       5
       8
      11
       9
       9
       9
      11
       5
       9
      13
       6
      17
       9
       7
      13
       6
       8
      10
       9
       9
      11
       9
       7
      11
      19
      15
      11
       7
      12
      16
      10
      10
      15
      22
      14
      12
      12
      18
      15
      11
      11
      18
      18
      16
      24
      13
      20
      14
      23
      18
      13
      21
      11
      16
      18
      20
      17
      14
      23
      19
      22
      13
      17
      20
      19
      20
      19
      15
      20
      17
      17
      15
      21
      19
      18
      17
      17
      23
      23
      18
      18
      14
      19
      20
      18
      21
      24
      20
      16
      18
      19
      21
      17
      22
      18
      14
      12
      15
      14
      18
      20
      18
      18
       9
      19
      14
      14
      13
      12
      16
      17
      10
      11
      10
      16
      15
      14
      14
      13
      16
       8
      10
       8
      13
      10
      12
      10
      11
      17
      10
       5
      17
      12
       6
      15
      15
      10
      11
       5
      10
       8
      12
      12
       8
       4
       9
       8
       8
      11
      10
       7
      10
       5
       8
       6
       2
       5
       5
       7
      10
       6
      10
       6
       4
       8
       6
       7
       7
       8
       7
       1
       3
       9
       4
       2
       6
       6
       5
       3
       5
       5
       3
       2
       2
       3
       6
       2
       5
       4
       6
       1
       2
       1
       0
       2
       3
       3
       0
       5
       0
       1
       2
       1
       1
       1
       2
       1
       1
       0
       1
       2
       0
       0
       2
       0
       0
       1
       1
       1
       2
       0
       0
       0
       1
       0
       1
       0
       0
       2
       1
       0
       0
       0
       0
       1
       0
       1
       0
       0
       1
       2
       1
       1
       3
       0
       0
       1
       1
       0
       1
       0
       0
       1
       0
       0
       1
       0
       1
       1
       0
       2
       1
       0
       0
       0
       0
       1
       0
       0
       0
       1
       0
       0
       0
       0
       1
       1
       0
       1
       0
       0
       0
       0
       0
       1
       0
       0
       0
       1
       1
       0
       0
       0
       1
       1
       0
       0
       0
       0
       0
       0
       0
       0
       0
       0
       0
       0
       0
       0
       0
       0
       0
       0
       0
       0
       0
       0
       0
       0
       0
       0
       0
       0
       0
       0
       0
       0
       0
       0
       0
       0
$ROI:
0
$PRESETS:
None
0
0
$ENER_FIT:
0.000000 0.722271
$MCA_CAL:
3
0.000000E+000 7.222707E-001 0.000000E+000 keV
$SHAPE_CAL:
3
0.000000E+000 0.000000E+000 0.000000E+000
