$SPEC_ID:
Recoil
$SPEC_REM:
DET# 3
DETDESC# JLAB-11 MCB 134
AP# Maestro Version 7.01
$DATE_MEA:
03/06/2025 16:06:35
$MEAS_TIM:
1332 1437
$DATA:
0 2047
       0
       0
       0
       0
       0
       0
       0
       0
       0
       0
       0
      16
     102
      91
      43
      27
      11
      10
       4
       6
       1
       0
       5
       2
       3
       2
       2
       2
       4
       2
       6
       2
       0
       4
       2
       6
       2
       8
       1
       2
       8
       2
       2
       3
       2
       5
       2
       3
       8
       1
       2
       4
       3
       3
       4
       5
       2
       1
       7
       3
       3
       4
       3
       4
       5
       5
       3
       3
       5
       5
       4
       3
       3
       5
       4
       2
       2
       5
       2
       7
       3
       6
       3
       5
       7
       4
       6
       8
       1
       2
       7
       6
       6
       7
       5
       1
       1
       3
       3
       4
       4
       4
       5
       5
       6
       4
       6
       5
       5
       3
       4
       9
       6
       1
       5
       8
       3
       1
       4
       6
       5
       5
       4
       5
       6
       5
       5
       4
       6
       5
       5
       2
       4
      11
       6
      11
       4
       8
       9
       6
       5
       9
       3
       5
       4
       4
       5
       5
       4
       7
       6
       5
       4
       5
       8
       6
       8
       9
       4
       9
       4
       5
       6
       2
       2
       4
       5
       2
       5
       2
       4
       4
       6
       5
       3
       3
       3
       4
       3
       5
       6
       5
       5
       4
       3
       5
       8
       6
       6
       3
       6
       6
       0
       7
       8
       7
       5
       2
       7
       7
       6
      10
      15
      14
       7
       7
       7
       5
       4
       4
       3
       3
       7
       2
       8
       4
       6
       4
       5
       5
       7
       7
       6
       6
       6
       7
       8
       5
       7
       4
       9
       1
       5
       4
       6
       4
       6
       5
       7
       6
       8
       8
       5
       4
       8
       6
       6
       3
       6
       8
       1
       3
       5
       6
       3
       4
       4
       5
       8
       4
       7
       3
       6
       5
      11
       6
       5
       8
       7
       5
       9
       4
       2
       9
       3
       1
       8
       5
       7
       9
       7
       4
       1
       7
       4
       6
       6
       3
       7
       3
       6
       3
       5
       5
       5
       9
       6
       4
       4
       9
       5
       2
       5
       6
       6
       7
       3
       7
       7
       7
       4
       3
       4
       3
       5
       6
       4
       4
       6
       6
       6
       9
       3
      11
      11
       4
       5
       4
       9
       5
       4
       7
       8
       3
       3
      10
       4
       5
       7
       7
       6
       8
       5
       5
       4
       3
       5
       7
       8
       3
       6
       5
       7
       8
       7
       2
       2
       3
       9
       7
       5
       6
       8
       5
       8
       9
       4
       6
       4
       8
       4
       5
       5
       4
       6
       8
       3
       9
       8
       8
       3
       5
       8
      10
       5
       7
       4
       6
       4
       5
       2
       5
       6
       6
       5
       8
       6
       3
       8
       2
       4
       6
       8
       8
       3
       7
       7
       7
       7
       5
      13
       4
       4
       5
       5
       9
       9
       8
       9
       3
       2
       2
       9
       5
       4
       7
       8
       4
       4
       5
       8
       4
       6
       3
       4
       6
       5
       7
       5
       2
       5
       5
      10
       5
       7
       6
       9
       6
       6
       9
       5
       8
       5
       5
       4
       7
       2
       5
       7
       8
       2
       1
       9
       5
       5
       5
       5
      10
       2
       4
       4
       7
       2
       9
       7
       5
       5
      12
       5
       2
       2
       7
       5
       2
       8
       3
       4
       9
      11
       8
       7
       1
       5
       4
       5
       9
      10
       5
       4
       5
       5
       4
       5
       7
       5
       6
       3
       4
       2
       9
       9
       4
       6
       4
       7
       6
       5
       9
       4
       7
       4
      11
       3
       8
       5
       8
       7
       5
      13
       6
       5
      11
       4
       5
       6
       7
       5
       8
       7
       8
      11
       3
       6
       3
       7
       5
       6
       7
       2
       5
       7
       3
       6
       9
       7
      10
       1
       8
       3
       6
       7
       5
      13
      11
       6
       7
       5
       9
      10
       4
       7
       8
       3
       8
       8
      11
       7
       5
      10
       5
       9
       8
       8
       3
       2
       4
       4
       9
       9
       7
       7
      10
       5
       9
       6
       2
       2
       6
       3
       6
       9
      11
      11
       5
       8
       5
       7
       6
       9
       6
       5
       7
      12
       8
       6
       9
       8
       5
       3
       4
       6
      12
       8
       2
       8
       7
       1
       8
       5
       4
       7
       7
       6
       3
       7
       8
       6
       6
       5
       7
       6
       6
       8
       8
       5
       9
       9
      12
       2
       6
       3
       9
       6
      15
       5
       6
       7
       4
       5
       5
       5
       4
       4
       7
       9
       5
       5
       4
       8
       4
       4
       1
       9
       6
       4
       7
       7
       5
       6
       4
      10
       7
       6
       4
       6
       4
       4
       7
       6
       4
       4
      10
      11
       6
       5
       3
       5
      10
       8
       8
      11
       8
       8
       5
       5
       9
       5
       4
       6
       8
      12
       6
      11
       7
       3
       5
      11
       3
       4
       7
       9
       6
       3
       7
       4
       6
       6
       4
       9
       6
       6
       3
       4
       7
       6
       8
       5
       7
       4
       6
       4
       5
       6
       9
       2
       3
       9
       2
       3
       8
       4
       7
       7
      11
       4
       4
      11
       8
       5
       6
       2
       6
       6
       3
       3
       5
      11
       5
       5
       4
       3
       8
       4
      10
       6
      10
       4
      10
      13
       3
       5
       4
       7
       7
       8
       7
       2
       3
       4
       5
       7
       8
       4
       9
       5
       7
       5
       4
       5
      10
       8
       4
       8
      10
       6
      12
       5
       6
       6
       5
       7
       7
       5
      10
       7
       7
      12
       6
       3
       5
       5
       8
       7
       7
       4
       7
      14
       5
       6
       3
       6
       4
       5
       6
       6
       3
       4
      14
       5
       5
       4
       7
       4
       1
       8
       3
       8
      10
       6
       8
       7
       7
      10
       8
       7
       4
       6
       4
       8
       4
       6
       7
       8
       8
       2
       4
       9
       6
       4
       7
       3
       4
       2
       6
      10
       3
       3
       6
       5
       8
       3
       8
       2
       3
       4
       9
       9
       9
       8
       7
       5
       5
       8
       5
      11
       7
      10
       1
       8
       4
       5
       5
       6
       6
       6
      13
       2
       6
       5
       8
       5
       5
       6
       9
       9
       2
       7
      10
       9
       7
       9
      11
       6
       5
      12
       4
       7
       8
       6
       3
       5
       9
       6
       6
       8
       4
       4
       4
       8
       3
      11
       4
       5
       3
       6
       6
       5
       5
       6
       4
       8
       6
       8
       5
       4
      11
       4
       8
       5
       9
       5
       6
      10
       6
       4
       3
       4
       5
       4
       6
       7
       9
       7
       6
       3
       8
       4
       7
       8
       7
       4
       9
       7
      11
       7
       7
       5
      10
       6
       1
       5
       4
       9
      10
       5
       4
       5
       6
       8
      10
      10
       9
       8
       8
       5
       7
       6
       9
       4
       3
      13
       8
       3
       3
       4
       7
       7
       8
      11
       8
      10
       2
       6
       6
      10
       7
       6
       9
       5
       5
       7
       6
       5
       3
       9
       7
       7
       7
       7
       3
       8
       4
      12
       5
      10
       9
       7
       6
       6
       8
      10
       7
       8
       5
       8
       1
       5
       7
       8
       9
      12
      13
       4
       6
       6
       5
       9
       6
      11
      13
       6
       8
       7
       5
      10
       6
      11
       6
      10
      10
       6
      10
       7
      10
       9
       4
       9
       5
      13
      12
       5
      10
       8
       6
       9
      11
       7
      18
       7
      10
      11
       9
       4
      12
      12
       8
       4
      11
      13
      12
       9
      13
       6
      11
      12
       7
       3
       4
      15
       6
      15
       4
       6
      10
       9
       8
       8
      11
       8
      10
       8
      16
       7
      11
      14
      13
      12
       8
      11
      18
      17
       9
      14
      12
      16
      11
      12
      10
      14
      11
      13
      20
      18
      15
      11
      11
      13
      13
      11
      13
      14
      12
      15
      16
      14
      17
       9
      12
      14
      13
      11
      19
      15
      11
      17
      11
      11
      16
      18
      15
      13
      20
      17
      16
      17
      21
      20
      16
      18
      20
      27
      17
      23
      11
      17
      13
      27
      16
      21
      24
      20
      28
      26
      30
      22
      32
      27
      25
      21
      21
      23
      18
      19
      23
      14
      25
      23
      24
      28
      18
      15
      15
      16
      20
      26
      22
      18
      27
      26
      22
      20
      22
      26
      18
      24
      28
      20
      19
      25
      19
      23
      19
      16
      19
      19
      28
      22
      22
      27
      28
      20
      21
      21
      35
      23
      23
      14
      24
      28
      15
      19
      18
      17
      14
      20
      18
      12
      28
      15
      19
      13
      19
      15
      20
      19
      15
      10
      16
      11
      16
      24
      11
      11
      12
      15
      15
      10
      17
      12
      13
      11
      15
      17
      13
      14
      13
       9
      11
       9
      14
      15
      19
       7
      10
       9
       8
       7
       6
      12
       8
       8
      10
      10
      11
       7
       6
       6
       8
      11
      10
      14
       7
       9
       9
       9
       5
       7
      11
       8
       9
       5
       8
      10
       8
       6
       8
       4
       6
       6
       4
       5
       6
      10
       5
       2
       7
       6
       4
       4
       7
       4
       7
       2
       2
       5
       8
       8
       4
       2
       0
       7
       7
       1
       5
       7
       3
       6
       3
       2
       2
       3
       3
       4
       3
       3
       1
       8
       2
       5
       5
       6
       2
       3
       2
       1
       5
       1
       3
       0
       2
       3
       5
       5
       2
       2
       1
       3
       2
       1
       4
       1
       1
       4
       4
       3
       3
       3
       6
       3
       4
       6
       4
       6
       3
       5
       1
       0
       2
       7
       3
       3
       4
       0
       3
       1
       2
       5
       2
       4
       2
       1
       1
       3
       3
       5
       2
       3
       1
       1
       2
       0
       2
       1
       3
       3
       4
       0
       5
       3
       1
       2
       2
       2
       1
       4
       4
       2
       1
       3
       1
       6
       3
       1
       0
       0
       3
       3
       6
       3
       2
       1
       6
       2
       0
       2
       2
       1
       0
       2
       1
       1
       4
       6
       1
       2
       1
       1
       2
       4
       3
       1
       0
       0
       3
       3
       3
       0
       0
       0
       2
       1
       4
       5
       1
       0
       2
       6
       0
       3
       2
       3
       1
       0
       1
       2
       1
       0
       3
       2
       2
       1
       3
       1
       2
       2
       1
       1
       1
       1
       1
       1
       2
       2
       5
       1
       3
       2
       4
       3
       3
       2
       2
       3
       0
       1
       2
       1
       3
       1
       1
       4
       2
       2
       0
       3
       2
       3
       0
       1
       4
       1
       0
       3
       0
       6
       0
       2
       1
       1
       2
       4
       3
       3
       0
       4
       6
       4
       1
       2
       2
       0
       1
       3
       0
       4
       2
       1
       1
       0
       2
       0
       2
       0
       4
       2
       2
       2
       0
       4
       4
       2
       3
       4
       6
       0
       1
       1
       1
       0
       1
       0
       2
       3
       3
       5
       0
       1
       6
       5
       1
       2
       0
       1
       3
       5
       5
       1
       2
       0
       0
       1
       1
       1
       2
       3
       2
       1
       0
       5
       2
       1
       1
       2
       3
       4
       2
       3
       0
       2
       0
       4
       3
       2
       0
       2
       3
       0
       2
       3
       4
       2
       3
       4
       2
       3
       5
       1
       7
       2
       3
       3
       1
       2
       1
       4
       3
       2
       1
       4
       7
       2
       0
       3
       5
       3
       3
       0
       2
       3
       2
       2
       4
       0
       2
       2
       0
       5
       3
       0
       1
       1
       3
       3
       4
       5
       3
       2
       5
       6
       3
       4
       3
       1
       4
       3
       5
       2
       5
       1
       5
       6
       3
       7
       3
       6
       4
       1
       7
       4
       9
       4
       7
       4
       3
       4
       7
       8
       7
       8
       2
       3
       7
       3
      11
       7
       9
       8
      10
       6
       7
       7
      10
       7
      10
       4
       8
      11
       9
      10
       5
       5
      14
      18
      11
      13
      14
      10
       8
       6
       9
      11
      14
      13
       6
      13
      14
      14
      13
       8
      13
      12
      10
      20
      14
      13
      11
      11
      13
      24
      11
      14
       9
      18
      16
      13
      15
      21
      11
      18
      18
      18
      19
      14
      27
      16
      27
      20
      30
      14
      24
      13
      11
      19
      16
      18
      12
      21
      25
      17
      25
      20
      21
      22
      21
      11
      16
      18
      17
      23
      18
      15
      22
      21
      22
      31
      22
      25
      23
      25
      21
      29
      21
      21
      19
      27
      16
      17
      22
      14
      27
      29
      22
      15
      21
      22
      21
      10
      14
      19
      23
      19
      22
      17
      16
      24
      24
      17
      21
      10
      19
      22
      19
      13
      17
      14
      25
      10
      17
      18
      15
      16
      15
      13
      12
      13
      13
      24
      15
      19
       9
      11
      21
      11
       8
      10
      13
      20
       9
      13
      10
       9
      11
       7
      11
      17
      13
       9
      11
       5
       7
       8
       4
      17
      12
       6
      12
       5
      10
      10
       8
       6
       7
       3
       6
      10
       5
       7
       8
       7
       9
       6
       3
       6
       7
       5
       6
       1
       7
       3
       8
       4
       6
       3
       3
       3
       2
       4
       6
       2
       4
       0
       3
       6
       0
       1
       2
       2
       3
       3
       4
       5
       4
       5
       1
       2
       5
       4
       2
       1
       1
       0
       2
       0
       0
       1
       1
       1
       0
       1
       0
       0
       0
       1
       0
       1
       1
       4
       0
       1
       1
       2
       1
       2
       0
       3
       0
       0
       2
       1
       1
       0
       1
       0
       0
       1
       0
       1
       0
       0
       0
       0
       0
       1
       0
       0
       0
       0
       0
       0
       0
       0
       0
       0
       0
       0
       0
       0
       0
       0
       0
       0
       0
       0
       0
       0
       0
       0
       0
       0
       0
       0
       0
       0
       0
       0
       0
       0
       0
$ROI:
0
$PRESETS:
None
0
0
$ENER_FIT:
0.000000 0.722271
$MCA_CAL:
3
0.000000E+000 7.222707E-001 0.000000E+000 keV
$SHAPE_CAL:
3
0.000000E+000 0.000000E+000 0.000000E+000
