$SPEC_ID:
Recoil
$SPEC_REM:
DET# 3
DETDESC# JLAB-11 MCB 134
AP# Maestro Version 7.01
$DATE_MEA:
03/06/2025 14:34:00
$MEAS_TIM:
1913 2064
$DATA:
0 2047
       0
       0
       0
       0
       0
       0
       0
       0
       0
       0
       0
      11
      62
      66
      39
      17
      11
       8
       1
       0
       1
       3
       4
       2
       2
       4
       2
       3
       3
       1
       1
       2
       4
       5
       3
       3
       1
       2
       3
       4
       4
       0
       4
       5
       1
       5
       6
       2
       0
       5
       4
       0
       3
       6
       2
       3
       7
       2
       4
       3
       6
       5
       3
       3
       3
       6
       4
       8
       5
       5
       1
       5
       5
       6
       7
       6
       6
       3
       4
       4
       3
       1
       2
       8
       4
       7
       7
       8
       3
       3
       4
       5
       8
      10
       5
       6
       4
       6
       4
       4
       9
       6
       4
       6
       3
       4
       3
       2
       4
       3
       7
       3
       9
       4
       4
       4
       4
       3
       8
       3
       9
       7
       2
       2
       7
       3
       5
       3
       5
       5
       7
       8
       7
       5
       7
       3
       7
       5
       8
       5
       4
       7
       4
       6
      14
       8
      10
       4
       8
       7
       6
      10
       4
      12
       6
       8
       5
       9
       7
       4
       8
       5
       2
       5
       4
       7
       4
       7
       2
       6
       9
       4
       5
       8
       6
       5
       9
       4
       5
       2
       4
       4
       5
       7
       4
       5
       7
      11
       5
       6
       5
       4
       5
       9
       7
      10
       2
       4
       5
       3
      11
       4
       7
       7
       6
       4
       6
       4
      11
       7
       6
       6
       4
       6
       8
       8
       5
       8
       5
       7
       5
       6
       8
       6
      13
       3
       9
       7
       6
       8
       8
       7
       7
       4
       7
       2
       3
       7
       5
       5
      10
       3
       6
       8
       2
       9
      10
       7
      10
      10
       2
       4
       6
       6
       3
       8
      10
      10
       6
       4
       8
       5
       6
       4
       3
       4
       2
       6
       5
       8
       8
       5
       3
       3
       5
       4
       7
       5
       9
       7
       2
       9
       3
       6
       6
       3
       5
       6
       6
       8
       5
       8
       2
       6
       7
       5
       8
       5
       7
      11
       6
       5
       9
       8
       5
       7
       7
       6
       5
       9
       4
       9
       4
       5
       6
       7
       6
       4
       4
       4
       9
       5
       7
       6
       4
       6
      10
      12
       4
       6
       4
       5
       3
       6
      10
       5
       8
       4
       8
       8
       6
       1
      11
      11
       5
       6
       6
       5
       6
       4
       5
       7
       5
      11
       6
       5
       9
       3
       4
      11
       7
      10
       3
       4
       7
       6
       5
       8
       9
       4
       8
       5
       7
       5
       6
       9
       5
       5
       5
       9
      10
       6
       6
       5
       5
       7
       7
       6
       8
       8
       3
       7
       5
       7
       5
       7
       2
       3
       4
      11
       3
       8
       7
       4
       7
       9
       7
       6
       6
       6
       9
       3
       7
       4
       9
       5
       9
       5
      10
       5
       7
       2
       5
      12
       5
       5
       8
       5
       3
       4
       8
       6
       8
       7
       7
       9
       7
       8
       6
       8
      11
      10
       7
       8
       7
      10
       4
       5
       8
       5
      12
      12
       4
      10
       8
       8
      11
       3
       5
       8
      11
       6
       5
      10
       8
       8
       6
       8
       4
       3
       9
      10
       7
       3
       9
       5
       7
       7
      14
      11
       4
      11
       6
       7
       5
      11
       2
      13
       7
       5
       6
       4
       6
      11
       6
       9
       9
       6
       6
      13
       4
      13
      12
       2
       6
       9
       2
      11
      12
       8
      12
       8
       9
      10
       6
       9
       9
       6
       6
      14
       4
       6
      10
       3
       8
      11
       6
       6
      11
       6
       7
      10
       5
       7
      12
       8
       5
       5
       2
      10
       8
       7
       6
      10
       8
       7
      12
       7
       9
       5
      10
       8
       9
       7
       7
       8
       8
      10
       5
       8
      11
       6
      14
       4
       5
      10
      14
      14
      13
      12
       8
       3
      12
       7
      12
       8
      13
      10
      12
      14
       8
      14
      11
       5
       6
       5
       6
       6
       4
       9
      11
      10
      10
       8
       8
       9
       7
      10
       8
      17
       5
       6
      11
      10
      11
      11
      10
      11
       8
      14
       5
       5
      14
      11
      13
      15
       8
       7
      18
      19
       7
      13
      13
      15
      14
       9
       9
       7
       2
       9
      12
       6
      14
       7
      15
       9
       9
      10
       7
      12
      12
      12
       9
      11
       7
      11
      12
      10
       9
      10
      16
      13
      14
      14
      13
      11
      15
      18
       9
      15
      14
      10
      12
      13
       9
      16
      10
      17
       9
      13
      12
      12
      14
       9
      15
       9
      14
      18
      21
      14
      19
      23
      16
      13
      14
       8
       9
      19
      17
      12
      13
      12
      15
      11
      16
      13
      15
       6
      21
      22
      12
       8
      20
      30
       9
      14
      17
      19
      17
      18
      18
      15
      19
      11
      13
      16
      13
      18
      15
      17
      27
      21
      22
      18
      25
      18
      16
      17
      21
      27
      24
      22
      19
      16
      18
      19
      30
      19
      33
      24
      26
      23
      20
      30
      22
      19
      18
      33
      30
      15
      19
      29
      16
      25
      25
      27
      21
      28
      19
      25
      27
      15
      22
      38
      24
      34
      29
      22
      30
      35
      30
      21
      28
      17
      22
      26
      33
      26
      30
      20
      32
      20
      26
      20
      21
      34
      21
      28
      27
      39
      29
      27
      34
      33
      31
      30
      33
      31
      23
      26
      29
      27
      33
      33
      25
      25
      23
      29
      30
      40
      34
      24
      34
      33
      34
      31
      32
      23
      22
      24
      35
      29
      25
      28
      27
      37
      34
      28
      28
      36
      25
      37
      23
      35
      35
      36
      36
      24
      32
      33
      35
      21
      41
      30
      36
      25
      36
      34
      30
      36
      28
      24
      29
      23
      36
      35
      32
      36
      30
      28
      36
      29
      27
      31
      38
      32
      36
      23
      20
      35
      27
      28
      30
      34
      32
      37
      31
      24
      19
      34
      29
      31
      38
      33
      30
      33
      24
      25
      23
      25
      28
      25
      25
      27
      26
      20
      22
      32
      33
      27
      23
      28
      20
      25
      22
      30
      29
      23
      17
      25
      15
      15
      22
      16
      26
      19
      26
      21
      18
      21
      29
      25
      26
      19
      22
      25
      17
      23
      23
      20
      31
      21
      18
      21
      19
      14
      31
      14
      17
      19
      21
      18
      20
      23
      21
      16
      14
      18
      20
      17
      21
      21
      14
      19
      16
      23
       7
      11
      19
      16
      18
      17
      17
      23
      15
      15
      17
      12
      15
      18
      12
      15
      12
      15
      12
      13
      10
      16
      14
      17
       7
       8
      22
      13
      13
      12
      13
       9
       9
      11
      12
      16
      12
      12
      15
      16
      14
      14
      11
      11
      11
      14
      14
      14
      10
      16
       6
      12
      12
      11
       8
      11
       9
      18
      11
      12
      10
      11
       9
      10
       7
       9
      10
       9
       5
       9
       8
       5
       7
      11
       5
      11
      11
      12
      10
      11
       9
       9
       6
      13
       8
       9
      18
      12
      20
       7
      11
      10
       8
       4
       8
      14
       8
      15
      11
       9
      11
       9
       7
       8
      13
       6
       8
       9
       7
      12
      10
      10
      10
      11
       7
      16
       6
      10
      10
       8
       9
      10
      14
      11
       9
       7
       9
       6
       5
      11
      12
      14
       5
       7
       8
       1
      10
       8
       7
      10
       5
       7
      10
       6
       4
       9
       5
       5
      10
      12
       6
      10
      10
       8
       6
       7
      18
       4
       7
      15
      10
       7
       8
       6
       5
       9
       9
       8
       6
       5
      12
       4
       3
       9
       7
       7
       8
       8
       8
       5
      15
      12
      10
      13
       6
       8
       4
      11
       7
       8
       6
       8
       4
       4
       7
       6
      14
       8
       7
       2
       5
      12
       9
       5
       6
       7
       5
       5
       5
       9
      10
       4
       6
       7
       2
       5
       7
       4
       8
       4
       5
       6
       4
      10
       7
       8
       8
       6
       8
       7
       6
      10
       4
       7
       5
       5
       6
       3
       5
       2
       4
       2
       7
       6
       9
       6
       8
      10
       6
       4
       5
      12
       8
       3
       6
       5
       6
       4
       3
      10
       2
       5
       3
       8
       6
       4
       7
       6
       5
       6
       7
       3
       5
      12
       4
       7
      12
       6
       3
       7
       4
       2
       5
       8
       8
       4
       4
      10
       4
       4
       2
       5
       5
       5
       7
       6
       8
       5
       6
       4
       7
       3
       2
       4
       5
       7
       5
       6
       9
       7
       4
       2
       2
       3
       2
       6
       6
       8
       4
       3
       5
       5
       9
      10
       4
       3
       6
       4
       5
       4
       2
       2
       8
       2
       3
       3
       9
       6
       8
       7
       4
       7
       3
       5
       6
       5
       3
       8
       5
       6
       4
       2
       3
       3
       1
       2
       5
       2
       3
       5
       1
       4
       2
       4
       2
       2
       3
       4
       3
       3
       1
       3
       0
       4
       1
       6
       3
       3
       4
       1
       1
       3
       4
       2
       4
       1
       2
       1
       1
       2
       5
       2
       6
       5
       2
       2
       2
       4
       3
       3
       5
       3
       3
       2
       4
       2
       2
       2
       1
       4
       2
       1
       3
       1
       4
       3
       2
       3
       0
       2
       3
       0
       2
       1
       1
       2
       2
       0
       3
       0
       1
       2
       1
       2
       6
       2
       4
       1
       1
       2
       2
       2
       1
       2
       2
       1
       0
       7
       2
       1
       1
       3
       2
       0
       1
       2
       5
       2
       0
       2
       0
       3
       2
       4
       1
       2
       3
       0
       0
       2
       2
       3
       3
       0
       4
       2
       0
       4
       4
       2
       2
       1
       1
       2
       2
       3
       2
       0
       2
       2
       0
       2
       1
       0
       1
       1
       1
       2
       2
       0
       1
       2
       0
       1
       3
       5
       1
       3
       1
       2
       1
       4
       2
       0
       1
       1
       3
       0
       0
       0
       1
       2
       2
       2
       1
       3
       0
       0
       1
       1
       2
       1
       2
       2
       2
       0
       2
       3
       2
       0
       0
       1
       5
       1
       1
       0
       3
       1
       3
       2
       0
       1
       1
       3
       1
       0
       0
       1
       0
       1
       1
       1
       2
       1
       0
       0
       0
       2
       1
       1
       1
       0
       1
       2
       3
       1
       1
       1
       1
       5
       1
       2
       1
       0
       1
       0
       3
       0
       1
       1
       2
       1
       2
       1
       2
       1
       4
       1
       0
       3
       2
       0
       2
       1
       1
       2
       1
       0
       1
       1
       3
       2
       2
       2
       2
       1
       3
       1
       1
       1
       1
       2
       2
       0
       0
       2
       2
       3
       0
       1
       0
       0
       3
       3
       1
       2
       1
       2
       1
       2
       3
       4
       0
       1
       3
       0
       5
       0
       4
       3
       2
       1
       1
       1
       2
       1
       2
       0
       4
       1
       1
       2
       1
       0
       1
       1
       3
       1
       3
       0
       3
       3
       3
       3
       3
       2
       1
       1
       1
       2
       0
       0
       4
       3
       4
       1
       1
       4
       1
       4
       2
       1
       3
       3
       1
       4
       1
       5
       3
       1
       3
       2
       2
       1
       2
       2
       0
       4
       1
       0
       2
       5
       5
       5
       5
       2
       5
       5
       0
       3
       3
       1
       4
       1
       3
       2
       1
       1
       1
       5
       3
       1
       1
       2
       3
       2
       2
       2
       3
       4
       3
       4
       4
       6
       2
       2
       3
       4
       4
       2
       8
       3
       5
       3
       4
       7
       5
       5
       8
       3
       7
       4
       6
       1
       3
       4
       5
       5
      12
       7
       7
       7
       2
       6
       8
       5
      10
       7
       6
      10
       8
       5
       3
       4
      14
       6
       9
       7
       9
      16
       6
      11
       7
       9
      10
       8
       2
       8
       4
       8
      12
      13
       8
      13
      11
      11
      10
      10
       8
      15
      15
      15
       9
      14
      14
       6
      18
       8
      16
      11
      11
      13
      13
      10
      19
      10
      13
      18
      14
      20
      18
      21
      11
       9
      20
      16
      12
      13
      16
       9
      18
      10
      11
      15
      15
      18
      13
      14
      19
      11
      12
      17
      17
      19
      20
      12
       8
      16
      10
      16
      14
      18
      25
      12
      12
      10
       8
      23
      16
      17
      16
      20
      14
      15
      17
      21
      16
      18
      28
      13
      11
      19
       9
      10
      16
      16
      15
      11
      23
      23
      15
      17
      10
      14
      16
      18
      14
      14
      12
       9
      11
      18
       8
      18
      10
      10
      12
       7
      17
      12
       9
      11
      18
       9
      11
       7
       7
      11
      12
      15
       9
      10
      12
      16
      13
      14
       7
       5
       6
       9
      13
       8
       9
       3
       2
      11
      12
       6
       5
       7
       3
       6
       4
       6
      10
       2
       4
      12
       5
       3
       3
       5
       2
       8
      10
       2
       0
       4
       6
       1
       3
       5
       5
       2
       5
       2
       0
       4
       2
       0
       2
       5
       2
       2
       4
       0
       2
       1
       0
       1
       1
       1
       1
       3
       1
       1
       0
       2
       1
       2
       0
       3
       2
       1
       2
       0
       1
       1
       2
       3
       2
       1
       0
       0
       1
       4
       0
       1
       0
       0
       0
       0
       1
       0
       1
       2
       0
       1
       0
       0
       1
       1
       0
       0
       1
       0
       0
       0
       1
       1
       0
       0
       0
       0
       0
       0
       0
       1
       0
       0
       0
       0
       0
       0
       1
       0
       1
       0
       0
       0
       0
       0
       0
       0
       0
       0
       1
       0
       0
       0
       0
       0
       0
       0
       0
       0
       0
       0
       0
       0
       0
       0
       0
       0
       0
       0
       0
       0
       0
       0
       0
       0
       0
       0
       0
       0
       0
       0
       0
       0
       0
       0
$ROI:
0
$PRESETS:
None
0
0
$ENER_FIT:
0.000000 0.722271
$MCA_CAL:
3
0.000000E+000 7.222707E-001 0.000000E+000 keV
$SHAPE_CAL:
3
0.000000E+000 0.000000E+000 0.000000E+000
