$SPEC_ID:
Recoil
$SPEC_REM:
DET# 3
DETDESC# JLAB-11 MCB 134
AP# Maestro Version 7.01
$DATE_MEA:
03/06/2025 16:34:08
$MEAS_TIM:
1418 1531
$DATA:
0 2047
       0
       0
       0
       0
       0
       0
       0
       0
       0
       0
       0
      23
     161
     151
      91
      55
      22
      13
       5
       7
       1
       9
       5
       4
       2
       8
       6
       9
       9
       8
      10
       9
       9
      12
       6
       8
      10
       5
      12
      14
      20
      16
      12
      24
      12
      22
      26
      21
      33
      25
      26
      24
      33
      25
      29
      25
      29
      40
      33
      26
      25
      30
      21
      39
      30
      42
      34
      33
      37
      31
      36
      43
      35
      39
      50
      34
      45
      45
      53
      49
      38
      45
      37
      58
      43
      44
      45
      39
      38
      50
      56
      57
      60
      38
      49
      51
      49
      57
      38
      63
      50
      59
      49
      51
      52
      62
      54
      60
      58
      59
      57
      51
      51
      50
      57
      58
      63
      62
      67
      43
      63
      58
      56
      67
      62
      65
      76
      55
      62
      57
      47
      67
      59
      58
      58
      76
      65
      56
      58
      85
      69
      53
      56
      69
      62
      63
      77
      61
      64
      55
      70
      48
      77
      69
      67
      67
      74
      43
      70
      70
      75
      83
      66
      81
      60
      62
      65
      71
      56
      67
      63
      74
      55
      65
      56
      66
      45
      48
      57
      64
      68
      62
      62
      59
      61
      70
      52
      65
      62
      56
      56
      77
      65
      61
      68
      59
      51
      57
      63
      61
      57
      60
      57
      53
      60
      46
      65
      72
      67
      47
      57
      67
      67
      59
      63
      60
      68
      54
      52
      58
      65
      57
      56
      56
      63
      62
      59
      48
      44
      56
      63
      60
      46
      54
      66
      65
      54
      53
      59
      55
      72
      50
      57
      54
      47
      63
      60
      39
      56
      51
      55
      40
      53
      51
      78
      58
      62
      52
      45
      45
      54
      62
      56
      39
      55
      49
      61
      45
      50
      53
      52
      50
      52
      36
      53
      46
      49
      48
      50
      36
      40
      36
      45
      52
      38
      39
      35
      31
      39
      45
      44
      40
      54
      43
      39
      35
      50
      51
      55
      36
      39
      36
      37
      29
      39
      44
      42
      36
      42
      40
      40
      40
      30
      35
      36
      34
      37
      38
      32
      39
      35
      41
      40
      38
      49
      25
      40
      40
      36
      35
      29
      37
      31
      32
      29
      38
      28
      35
      36
      34
      29
      37
      28
      31
      34
      28
      37
      29
      40
      37
      29
      34
      29
      27
      28
      24
      28
      28
      41
      32
      31
      31
      24
      30
      29
      18
      21
      43
      18
      24
      28
      24
      26
      36
      26
      22
      25
      25
      24
      26
      21
      22
      33
      31
      22
      19
      20
      25
      25
      29
      22
      20
      27
      17
      30
      24
      24
      26
      22
      19
      24
      31
      26
      23
      14
      25
      25
      19
      23
      17
      19
      19
      19
      16
      24
      16
      23
      26
      17
      12
      16
      20
      21
      26
      23
      20
      19
      12
      14
      24
      17
      20
      19
       9
      20
      15
      15
      12
      16
      13
      18
      16
      13
      22
      26
      12
      17
      15
      26
      19
      18
      14
      19
       8
      17
      13
      23
      10
      16
      13
      13
      16
      10
       9
      11
      11
      11
      15
      17
      13
      25
      18
      15
      16
      13
      14
      14
       8
      15
      19
      17
      12
      14
      16
      19
      11
       5
      14
      11
      15
      15
      11
      12
      12
      19
      11
       8
      22
      12
      13
      19
      18
      16
      14
      23
      18
      12
      15
      16
      14
      20
      11
       9
      11
      14
      13
      14
      15
      12
      14
      19
      13
      14
      16
      16
      19
      18
      11
      11
      10
      18
      15
      10
      20
      13
       7
       7
      19
      22
       9
      16
      10
      12
      16
      10
       7
      11
      11
      16
      18
      12
      10
      11
      21
      10
      17
      21
       5
      12
      12
      17
      22
       6
      11
      13
      17
      15
       9
      17
      11
      19
      18
      16
      19
      12
      11
      10
      11
      15
      12
      15
      15
      12
      17
      15
      10
      15
      14
      11
      11
      15
      11
       9
      18
      20
      12
      18
      13
      12
      10
      20
      16
      16
      12
      10
      12
      10
      12
       7
      10
       8
      17
      14
      21
      13
      12
      15
       8
      12
      13
      12
      18
       8
      14
      12
      17
      19
       8
      11
      12
       5
      19
      11
      16
       9
      13
      11
      13
      10
       9
      16
      12
       6
      14
      12
      19
      10
      13
      12
       8
      12
       7
      15
      16
      16
      14
      12
      16
      14
      15
      11
      14
      17
      14
      11
       4
      17
       8
      14
      11
      12
      15
      10
      17
       7
      16
      11
      12
       9
      13
      20
       9
      14
      14
      10
       8
      14
      12
      17
      10
      15
      13
       8
       8
       9
       8
      10
      15
      11
       8
       8
       7
       9
      18
       9
      10
      13
       9
      12
       9
       5
      14
      16
      13
      13
      16
      12
       8
      10
       9
      15
       2
       9
       7
       7
       7
      17
      17
      12
       8
       9
      13
      12
       6
      17
      11
      18
      14
      11
       9
      11
      19
       9
      16
       7
       6
       8
       5
      13
       7
      12
       6
      10
      12
       9
       7
      10
       7
      11
      12
      10
       8
       9
      10
      14
      14
      14
      10
       9
       8
      11
       9
      14
      13
       6
      14
      12
      15
      15
      16
      15
      12
       8
      11
      13
      12
      12
      20
      10
       7
      13
      11
      10
      13
       9
      17
       9
      11
      12
      14
      13
      21
      14
      12
       4
      16
       7
      12
       7
       9
      17
      11
      11
      12
      13
      13
       6
       9
      12
      11
      10
      11
      12
      10
      18
       8
      13
       6
       5
      14
       8
      13
      14
       9
      10
       9
      10
      13
       9
       8
       9
       8
      11
      14
      13
       8
      11
      11
       7
       9
       8
      15
      11
       6
       9
      11
      13
      10
      12
       7
       8
      10
      10
      17
       5
      24
       8
      10
       4
      13
      17
      11
       6
       9
      17
      11
      10
      13
       6
       8
      14
       5
      10
      10
      13
       8
      15
       5
      11
       4
       9
       7
      14
      13
      13
      10
      12
      21
       7
      13
       9
      10
       8
       6
      12
      11
      10
       8
      13
      11
      14
      15
      14
       9
      13
       9
       7
      14
       7
      17
      14
       9
       7
      13
      16
      11
       9
       9
      14
      13
      10
      12
      14
      15
       8
       9
       9
      14
      12
      18
      10
      11
       8
      12
       8
       9
       8
       4
      13
       6
      13
      13
      12
       7
      16
      13
       7
      11
       6
       6
       3
      10
      13
       7
       8
       5
       5
      10
      10
       8
      12
      11
       9
       9
       6
       6
       9
      15
       8
       8
       7
      11
      10
       8
      12
       9
       5
       5
      10
      11
      20
      10
       6
       5
       8
      11
       7
      10
       9
      15
      11
      10
      14
      10
       6
       7
      14
      13
      10
      11
      11
       9
      15
       5
       9
       6
      10
      14
       9
       4
      14
       9
      11
      10
      18
       7
      12
      10
       9
       8
      11
      12
       9
      11
       4
      10
      16
       8
       8
       9
       8
      15
       8
      11
       7
       8
       5
       9
       8
      15
       9
       8
      10
       7
       7
      10
       2
      12
       6
       5
      15
       8
       9
       9
      10
      10
       9
      10
      10
       6
       6
       8
      12
      11
      10
       9
       7
       9
       8
      14
      11
      12
      10
      10
       9
      15
       8
       6
      14
      16
       9
       9
       2
      13
      10
       9
       8
       7
      11
       9
      11
       3
       7
       7
      11
      11
       7
      13
       8
       5
      10
       7
       7
       8
       6
       5
      10
       7
      10
      11
       4
      16
      10
      15
       9
      14
      12
      10
       6
      12
      10
       5
       8
       8
       8
      14
       6
      12
      11
      12
      15
       8
       8
      11
       9
       9
       9
       8
      10
      10
      15
       6
      12
      11
      11
      12
       9
      11
       9
       7
      10
       7
       5
       8
       9
      11
       9
      10
       8
       8
       9
      11
       9
       9
       8
       7
       7
      13
       9
      13
      13
      10
       5
       8
       8
       6
       7
      11
       8
       9
       4
      10
      11
       8
       3
      11
       5
      14
       8
       8
       9
      10
       7
       9
       5
       7
       7
      14
      14
       9
       5
      10
       9
       8
      13
      11
      16
       9
       8
       9
       9
       7
      10
       9
      11
       7
       9
       9
       5
       9
       9
      10
       6
      11
      10
      16
       7
      10
       9
      11
       3
      10
      10
       4
      12
       6
       4
       6
      12
      14
       6
       8
       8
      11
       8
       9
       6
      10
      12
       5
       5
      10
       7
       4
       5
       9
      10
       6
       7
      11
       9
       9
       6
       4
      10
      13
      10
       4
       9
       6
       9
      17
       8
       4
       6
       7
      10
       8
       4
       5
       6
      12
       3
      11
       1
       5
       3
       6
       5
      12
      11
       5
       6
       8
       7
       7
       5
       3
       6
      10
       6
       6
       5
       6
       7
       7
       5
       4
       4
       4
       4
       5
       7
       3
       3
       5
       7
       4
       4
       5
      12
       1
       6
       6
       9
       2
       4
       6
       8
       5
       3
       5
       4
      11
       4
       4
       4
       6
       1
       6
       5
       3
       1
       3
       4
       5
       1
       5
       4
       4
       3
       5
       2
       5
       5
       5
       5
       4
       4
       5
       4
       4
       6
       1
       5
       4
       2
       4
       5
       3
       3
       5
       3
       1
       2
       3
       5
       6
       4
       5
       8
       3
       4
       5
       4
       1
       1
       3
       2
       4
       5
       1
       1
       1
       5
       4
       4
       0
       4
       5
       6
       2
       3
       1
       3
       1
       6
       1
       3
       4
       4
       5
       3
       5
       2
       5
       4
       7
       6
       2
       0
       1
       2
       3
       2
       4
       1
       5
       4
       3
       0
       2
       1
       4
       0
       0
       3
       2
       4
       1
       3
       5
       3
       6
       4
       8
       1
       0
       2
       4
       1
       3
       2
       1
       6
       1
       4
       3
       2
       2
       2
       3
       4
       4
       3
       1
       3
       4
       3
       1
       1
       3
       1
       9
       6
       3
       5
       2
       5
       3
       4
       5
       4
       3
       2
       3
       3
       0
       2
       6
       2
       0
       2
       4
       2
       3
       3
       2
       2
       1
       1
       1
       3
       4
       3
       2
       1
       2
       4
       2
       5
       2
       3
       3
       3
       0
       2
       3
       3
       3
       2
       4
       2
       1
       4
       1
       5
       3
       2
       2
       3
       5
       2
       2
       2
       2
       4
       2
       4
       1
       0
       5
       6
       4
       4
       6
       3
       3
       4
       5
       0
       4
       1
       3
       4
       5
       2
       0
       3
       1
       1
       4
       3
       2
       2
       1
       2
       1
       1
       2
       5
       0
       2
       1
       1
       0
       3
       4
       1
       7
       3
       2
       3
       2
       1
       4
       0
       2
       2
       1
       0
       2
       6
       2
       2
       2
       4
       1
       2
       1
       3
       3
       1
       4
       1
       4
       3
       3
       2
       5
       0
       4
       2
       3
       5
       2
       9
       3
       2
       1
       2
       4
       0
       2
       6
       2
       1
       3
       3
       4
       3
       4
       3
       1
       1
       4
       3
       5
       3
       3
       2
       3
       3
       5
       4
       3
       5
       1
       1
       4
       1
       2
       2
       6
       6
       3
       3
       4
       8
       2
       1
       6
       5
       3
       2
       2
       2
       3
       5
       6
       3
       3
       7
       5
       2
       1
       4
       6
       2
       5
       3
       3
       4
       4
       8
       5
       7
       7
       7
       7
       5
       4
       5
       6
       7
       9
       2
       4
       7
       8
       4
       6
       5
       5
       8
       1
       3
       5
       6
       5
       5
       7
       6
       3
       7
       6
       9
       7
      12
       7
      13
      10
       9
       5
       7
       7
       9
      10
      10
       8
      12
       2
      12
      11
       9
      11
       7
       8
      13
      11
      10
      12
      11
      10
      11
      16
      15
      15
      11
      21
      14
      22
      11
      13
       9
      21
      16
       9
      13
      13
      14
      12
      15
      21
      20
      16
      23
      13
      17
      17
      13
      16
      26
      16
      15
      13
      20
      17
      22
      19
      27
      22
      21
      16
      17
      17
      17
      25
      23
      27
      24
      11
      21
      37
      26
      27
      22
      32
      20
      24
      29
      19
      37
      30
      35
      38
      32
      30
      30
      43
      27
      35
      29
      35
      25
      34
      38
      30
      37
      37
      30
      41
      39
      27
      30
      24
      24
      39
      27
      27
      39
      26
      41
      33
      28
      34
      33
      37
      27
      36
      33
      35
      42
      37
      33
      26
      35
      37
      36
      37
      33
      31
      32
      37
      33
      24
      31
      23
      30
      31
      38
      36
      39
      37
      22
      26
      33
      29
      26
      22
      21
      30
      31
      28
      27
      27
      22
      25
      23
      32
      15
      17
      23
      27
      21
      24
      24
      19
      30
      21
      21
      22
      23
      18
      24
      24
      15
      19
      17
      19
      20
      11
      13
      14
      15
      20
      17
      13
      12
      13
       9
      15
      16
      17
      16
      14
      17
       7
      16
      16
       9
       8
       8
       4
      11
      13
      10
      12
       9
      11
       6
       5
       6
       5
       5
       7
       6
       7
       9
       7
       5
       7
       5
       5
       5
       5
       1
       3
       4
       5
       7
       3
       6
       5
       2
       3
       1
       5
       5
       5
       0
       5
       1
       4
       4
       3
       4
       1
       3
       3
       2
       3
       4
       0
       1
       2
       2
       1
       1
       3
       3
       3
       2
       1
       1
       1
       1
       0
       2
       0
       2
       0
       2
       3
       0
       1
       0
       4
       0
       2
       0
       1
       0
       0
       2
       0
       0
       0
       0
       0
       0
       0
       0
       0
       0
       0
       0
       0
       0
       0
       0
       0
       0
       0
       0
       0
       0
       0
       0
       0
       0
       0
       0
       0
       0
       0
       0
       0
$ROI:
0
$PRESETS:
None
0
0
$ENER_FIT:
0.000000 0.722271
$MCA_CAL:
3
0.000000E+000 7.222707E-001 0.000000E+000 keV
$SHAPE_CAL:
3
0.000000E+000 0.000000E+000 0.000000E+000
