$SPEC_ID:
Recoil
$SPEC_REM:
DET# 3
DETDESC# JLAB-11 MCB 134
AP# Maestro Version 7.01
$DATE_MEA:
03/06/2025 14:34:00
$MEAS_TIM:
1607 1734
$DATA:
0 2047
       0
       0
       0
       0
       0
       0
       0
       0
       0
       0
       0
       9
      67
      49
      41
      23
      23
       6
       3
       1
       1
       1
       2
       2
       1
       3
       1
       3
       2
       4
       3
       3
       3
       2
       3
       4
       2
       3
       4
       3
       5
       0
       7
       1
       6
       0
       3
       5
       4
       6
       2
       3
       4
       3
       6
       4
       4
       1
       5
       3
       0
       3
       3
       3
       4
       8
       3
       2
       5
       5
       6
       5
       3
       4
       4
       3
       3
       5
       2
       2
       2
       2
       4
       5
       5
       5
       8
       5
       5
       2
       4
       5
       3
      10
       5
       3
       4
       4
       3
       3
       4
       8
       1
       4
       4
       4
       4
       4
       4
       3
       4
       2
       4
       2
       5
       1
       5
       1
       1
       3
       2
       4
       7
       6
       4
       4
       5
       2
       4
       2
       3
       6
       1
       5
       1
       1
       3
       4
       3
       5
       1
       2
       2
       4
       3
       6
       1
       5
       6
       3
       3
       3
       3
       4
       3
       4
       8
       3
       8
       6
       5
       5
       3
       4
       4
       4
       6
       5
       7
       6
       3
       4
       6
       2
       4
       2
       4
       4
       6
       7
       4
       5
       3
       5
       2
       6
       1
       0
       4
       4
       5
       2
       6
       2
       1
       3
      10
       3
       5
       2
       5
       4
       5
       2
       4
       6
       6
       7
       5
       2
       4
       3
       8
       2
       6
       3
       7
       7
       6
       7
       5
       5
       8
       6
       5
       3
       1
       3
       7
       3
       5
       9
       6
       3
       6
       6
       6
      14
       3
       4
       6
       8
       7
       6
       3
       3
       7
       7
       4
       3
       7
       5
       7
       6
       5
       5
       2
       2
       6
      10
       7
       3
      11
       1
       2
       2
       4
       6
       4
      10
       6
       1
       6
       5
       3
      10
       4
       3
       2
       5
      11
       3
       8
       7
       6
       7
      12
       5
       8
       3
       5
       4
       5
       3
       4
       4
       1
       5
       9
       1
       5
       2
       8
       1
       5
       4
       3
       6
       8
       4
       7
      10
       4
       2
       4
       4
       5
       2
       6
       1
       5
       5
       5
       4
       1
       3
       1
       7
       2
       3
       3
       3
       5
       8
       6
       3
       3
       2
      10
      11
       4
       6
       5
       5
       4
       4
       4
       4
       2
       4
       4
       5
       6
       7
       7
       6
       6
       4
       3
       5
       4
       6
       5
       1
       4
       4
       5
       3
       5
       4
       2
       4
       6
       3
       6
       7
       5
       5
       8
       4
       2
       5
       3
       2
       6
       2
       3
       6
       4
      10
       1
       3
       5
       5
       4
       7
       8
       7
       3
       2
       4
       5
       4
       9
       4
       9
       2
       6
       7
       3
       2
      11
       6
       7
       4
       9
       4
       9
       5
       6
       5
       3
       1
       2
       5
       6
       2
       5
       4
      10
       8
       3
       7
       6
       3
       6
       3
       7
       7
       5
       3
       7
       8
       2
       6
       2
       5
       5
      10
       5
       5
       4
       4
       4
       7
       5
       2
       2
       4
       3
       5
       6
       4
       5
       3
       2
      10
       5
       3
      15
       7
       4
       5
       3
       2
       3
       7
       4
       4
       8
       3
       8
       3
       6
       7
       2
       6
       4
       6
       4
       2
       4
       8
       3
       9
       4
       6
       5
       6
       3
       6
       8
       4
       3
       9
       7
       5
       8
       8
       7
       5
       2
       2
       5
       6
       7
       7
       4
       8
       8
       4
       4
       0
       3
       8
       5
       6
       3
      12
       5
       6
       7
       4
       1
       6
       1
      10
       7
       5
       7
       2
       8
       3
       4
       6
       4
       7
       5
       5
       8
       9
       8
       8
       4
       3
       3
       4
       4
       7
       5
       7
       2
       4
       6
       5
       5
       7
       3
       6
       8
       7
       2
       7
       6
       6
       4
       2
       6
       6
       4
       8
       7
       5
       2
      11
       5
      10
       1
       8
       5
       6
       5
       4
       4
       3
      10
       4
       3
       3
       0
       2
       1
       7
       4
       4
       4
       5
       4
       2
       3
       4
       7
       4
       3
       8
       7
       4
       2
       1
      13
       4
       6
       4
       5
       4
       3
       5
       6
       5
       7
       7
       5
       6
       5
      11
       4
       6
       6
       6
       6
       6
       3
       2
       7
       2
       4
       3
       7
       9
       4
       7
       5
       3
       8
       1
       4
       2
       4
       7
       6
       5
       2
       5
       4
       5
       6
       5
       6
       6
       6
       3
       6
       4
       3
       5
       0
       8
       4
       8
       7
      11
       2
       2
       7
       7
      10
       3
       8
       5
       4
       9
       8
       9
       4
       6
       4
       3
       4
       8
       5
       6
       7
       1
       5
       4
       2
       6
       6
       9
       6
       4
       6
       5
       3
       6
       9
       8
       9
       9
       6
       3
       5
       3
       3
       5
       5
       2
       5
       5
       4
       3
      10
       7
       9
       5
       3
       2
       6
      10
       5
       5
       9
       7
       2
       4
       4
       3
       5
       5
       7
       3
       3
       1
       7
       2
       8
       6
       7
       5
       7
      11
       9
       5
       8
       9
       5
       4
       6
      10
       8
       9
       6
       8
       5
       7
       6
       4
       4
       6
       3
       6
       4
      10
       8
       1
       8
       7
       4
       5
       9
       6
       8
       8
       6
       3
       3
       4
       5
       5
       9
      10
       8
       5
       2
       2
       4
       6
       2
       6
       5
       4
       8
       6
       9
       5
       6
       3
       5
       7
       7
       8
       4
       9
       9
       0
       6
       9
       2
       7
       4
       5
       4
       7
       4
      10
       7
       7
       9
       8
       7
       5
       3
      13
       2
      10
       3
       7
       8
       5
       5
       7
       6
       9
       7
       1
       7
       4
       4
       6
       9
       3
       4
       5
       7
       5
       3
       9
       5
       7
       6
       5
      11
      10
       8
      14
       9
       5
       6
       6
       4
      12
      10
       7
      11
       5
       6
       6
       8
      10
      12
       6
       7
       6
       7
      16
      10
      14
       8
       7
      11
       6
       6
      10
      10
       8
       8
      11
       6
      10
       7
       4
       7
       2
      14
       9
       9
       7
       8
       8
      11
       7
      17
       8
       6
       7
      12
      10
       9
       7
       6
      15
      12
       5
       9
      10
      11
       6
       9
       6
      15
       8
      15
      11
       8
       8
      13
       5
       8
      14
      12
       6
      15
       8
      10
      13
      15
      12
       6
       9
      10
       3
       9
      10
      12
      10
      10
      11
       9
      13
      10
       6
      10
       4
      13
       9
       7
      10
      21
      11
      13
       6
      11
      11
      12
      11
      15
      13
      16
       8
      13
      25
      20
      13
      12
      13
      11
       9
       8
      12
      21
      10
      14
      12
       9
      11
      12
      10
      11
      19
       6
      10
      16
       2
      20
      15
      21
      12
      16
      17
      17
      15
      16
      13
      16
      15
      19
      19
      20
      17
      15
      22
      21
      23
      19
      21
      21
      19
      24
      16
      22
      19
      23
      14
      17
      30
      31
      22
      24
      17
      16
      22
      18
      21
      18
      26
      15
      21
      27
      24
      37
      25
      19
      18
      22
      31
      30
      14
      24
      19
      21
      21
      24
      31
      17
      27
      27
      20
      15
      31
      24
      29
      26
      23
      20
      21
      28
      20
      27
      23
      25
      21
      22
      31
      28
      25
      28
      28
      29
      30
      25
      26
      21
      34
      25
      18
      32
      28
      16
      26
      21
      31
      21
      18
      27
      25
      21
      20
      29
      31
      18
      23
      25
      13
      24
      30
      24
      12
      16
      15
      14
      25
      25
      23
      20
      25
      16
      25
      14
      17
      23
      19
      20
      17
      18
      16
      25
      20
      22
      13
      20
      23
      17
      23
      21
      27
      11
      19
      16
      13
      15
      13
      13
      16
      17
      12
      24
      21
      23
       8
      17
      18
      18
       9
       7
      10
      10
      16
      14
      13
       9
      14
       8
      12
      12
      10
       9
       8
      11
       8
      19
      17
       9
      13
       9
       7
       6
      10
       8
      11
      13
      12
      17
       4
       5
       9
      12
       9
      16
       5
      12
      11
      11
       9
      13
       6
       8
      10
       7
      13
       9
       8
       3
       5
       6
       5
       9
      11
       6
       5
       8
      10
       9
       6
       7
       9
       7
       8
       6
      12
      12
       5
       8
      12
       8
      11
       6
      10
      10
       5
       4
       7
       5
       3
       6
       9
       2
       5
      12
       9
       9
       6
       8
       3
       5
       3
       8
       2
       5
       9
      11
       6
       8
       2
       5
       7
      10
       7
       5
       8
       5
      10
       6
       2
       2
       2
       1
       3
       2
       4
       5
       2
       4
       6
       4
       4
       3
       2
       2
       3
       5
       5
       3
       5
       5
       4
       4
       2
       4
       2
       2
       3
       6
       4
       2
       3
       6
       3
       3
       4
       6
       3
       4
       0
       2
       5
       2
      10
       6
       2
       3
       5
       3
       4
       1
       7
       7
       5
       3
       4
       4
       1
       2
       8
       6
       2
       3
       3
       4
       2
       4
       1
       5
       3
       4
       0
       3
       3
       4
       1
       7
       1
       3
       5
       3
       4
       2
       2
       2
       3
       5
       3
       5
       4
       2
       3
       1
       3
       3
       4
       4
       2
       1
       3
       4
       0
       1
       3
       3
       3
       1
       0
       2
       3
       2
       7
       6
       1
       3
       3
       1
       0
       2
       3
       4
       2
       2
       0
       3
       1
       4
       2
       4
       2
       4
       2
       1
       3
       0
       1
       0
       3
       5
       2
       1
       2
       0
       2
       0
       2
       2
       3
       2
       1
       3
       0
       1
       1
       3
       1
       1
       3
       1
       0
       3
       0
       1
       4
       1
       2
       0
       3
       1
       1
       3
       2
       2
       3
       1
       3
       0
       0
       4
       2
       1
       0
       0
       2
       3
       0
       1
       3
       1
       0
       2
       0
       1
       1
       0
       0
       0
       0
       1
       0
       2
       5
       0
       1
       1
       3
       0
       1
       0
       0
       2
       0
       1
       1
       1
       3
       0
       2
       0
       0
       0
       0
       1
       5
       1
       1
       7
       1
       0
       1
       2
       0
       0
       3
       2
       1
       1
       1
       1
       1
       0
       0
       1
       2
       2
       0
       0
       3
       0
       1
       3
       0
       0
       1
       1
       0
       0
       0
       0
       0
       0
       1
       0
       1
       2
       0
       2
       0
       0
       3
       2
       1
       2
       0
       2
       4
       1
       2
       0
       1
       0
       0
       1
       2
       1
       2
       1
       2
       2
       1
       2
       2
       3
       2
       1
       0
       1
       2
       1
       1
       0
       0
       4
       2
       0
       3
       2
       1
       2
       0
       0
       3
       2
       2
       3
       0
       3
       1
       2
       4
       0
       1
       0
       3
       1
       0
       3
       2
       0
       1
       1
       0
       1
       1
       0
       0
       2
       2
       2
       2
       0
       5
       1
       1
       1
       3
       1
       1
       1
       1
       1
       0
       2
       1
       2
       0
       0
       0
       0
       2
       0
       3
       4
       3
       3
       0
       1
       1
       0
       0
       2
       0
       1
       2
       1
       0
       4
       3
       2
       2
       3
       1
       3
       0
       2
       1
       2
       2
       3
       3
       0
       5
       1
       2
       1
       1
       1
       2
       2
       3
       2
       0
       0
       2
       2
       2
       9
       1
       1
       4
       2
       1
       3
       3
       3
       4
       5
       2
       7
       3
       2
       2
       1
       1
       1
       1
       3
       3
       3
       6
       5
       5
       2
       7
       5
       2
       3
       8
       4
       7
       4
       1
       1
       3
       4
       4
       3
       4
       4
       8
       5
       3
       3
       8
       4
       6
       4
      11
      11
       5
       1
       5
       6
       3
       6
       3
       7
       8
       4
       9
       9
       3
      11
       8
       9
       8
       6
       7
      13
       8
      12
      10
      12
      10
       6
       8
      10
      10
      13
       5
       9
       9
       8
       8
      14
       7
       6
       9
       8
      10
      11
      13
       9
      13
      11
      16
      17
      17
      10
       9
      12
      15
      19
      12
      11
       9
      17
       6
      13
       9
      15
      18
      15
      15
      10
      13
      17
      15
       9
       9
      12
      13
      21
      20
      20
      11
      15
      16
      19
      17
       5
      18
      13
      19
      15
      10
      14
      15
      22
      19
      14
       9
      25
      17
      16
      16
      22
       6
      10
      15
      12
      16
      19
      10
      17
       9
      15
      18
      16
      15
      12
      14
      17
      20
       8
      14
      12
      14
      15
      19
       8
      15
       7
      11
      21
      11
      11
       8
       9
       5
      18
      10
      10
      15
      12
      10
       7
       7
       6
      12
      10
       9
      10
       7
      11
      17
      13
       5
      10
      16
       7
       3
      10
      13
       7
      11
       6
       8
       6
      10
       7
       9
       4
      12
       4
       6
       3
       3
       5
       3
       7
       5
       7
       3
       6
       1
       5
       5
       3
       5
       3
       1
       3
       3
       4
       3
       3
       2
       3
       3
       2
       1
       2
       2
       3
       2
       2
       2
       4
       3
       1
       3
       0
       0
       3
       2
       1
       1
       2
       1
       1
       3
       2
       1
       1
       0
       0
       1
       0
       1
       4
       1
       0
       0
       0
       0
       0
       0
       2
       1
       1
       2
       3
       1
       0
       0
       1
       0
       2
       0
       0
       1
       0
       0
       0
       0
       0
       1
       0
       1
       0
       0
       0
       1
       0
       1
       1
       0
       1
       1
       0
       3
       0
       0
       1
       0
       1
       0
       0
       0
       0
       0
       0
       0
       0
       0
       0
       0
       0
       0
       0
       0
       0
       0
       0
       0
       0
       0
       0
       0
       0
       0
       0
       0
       0
       0
       0
       0
       0
       0
       0
       0
       0
       0
       0
$ROI:
0
$PRESETS:
None
0
0
$ENER_FIT:
0.000000 0.722271
$MCA_CAL:
3
0.000000E+000 7.222707E-001 0.000000E+000 keV
$SHAPE_CAL:
3
0.000000E+000 0.000000E+000 0.000000E+000
