$SPEC_ID:
Scatter
$SPEC_REM:
DET# 2
DETDESC# JLAB-11 MCB 133
AP# Maestro Version 7.01
$DATE_MEA:
03/06/2025 16:34:09
$MEAS_TIM:
1354 1522
$DATA:
0 2047
       0
       0
       0
       0
       0
       0
       0
      99
      76
     161
     141
     179
     246
     902
     816
     545
     348
     252
     169
     115
      74
      64
      32
      35
      27
      17
      19
      12
       9
       6
       6
       2
      11
       3
       2
       3
       3
       3
       1
       2
       3
       1
       6
       2
       3
       0
       2
       0
       3
       0
       3
       1
       5
       3
       3
       4
       2
       1
       2
       3
       2
       1
       6
       2
       1
       0
       6
       3
       3
       2
       3
       3
       4
       2
       4
       6
       1
       3
       3
       1
       2
       4
       2
       4
       3
       2
       3
       1
       7
       4
       1
       2
       8
       6
       5
       7
       2
       6
       4
      10
       5
       3
       6
       7
       4
       6
       7
       4
       5
       6
       2
       4
       5
       3
       7
      10
      11
       1
       8
       8
       7
       2
       3
       7
       6
       4
       0
       9
       7
       6
       8
       2
       7
       7
      10
       9
       6
       4
       5
       4
       4
       6
       6
       7
       6
       5
       5
       5
       7
       6
       6
       7
       4
       7
      11
      11
       9
      10
       8
      14
       9
       6
       8
       7
       8
       7
       7
      12
       9
       4
      15
      10
       5
      13
       9
      10
       4
      10
       6
       9
       9
      11
      10
       3
      10
      10
      13
       6
       5
       8
       9
      12
      12
       7
      17
       8
       8
      11
       7
      11
       8
      17
      13
       8
      13
       6
      13
       7
      12
      10
      13
       9
      12
       8
       8
      15
      13
       9
      12
       9
       5
      10
       9
      11
      16
      14
      11
      19
      12
      13
       8
      11
      15
      13
      10
      19
      21
      19
      13
      11
      14
      18
      14
      17
       8
      13
      18
       8
      20
      10
      18
      10
      15
      16
      16
      11
      22
       6
      13
      13
      11
      11
      15
       9
      16
      19
      11
       8
      10
      11
      16
      11
      13
       8
       9
      16
      17
      12
      12
      14
       9
      15
       9
      13
      12
      10
      10
      16
      10
      14
      15
      10
       7
      12
       9
      18
      16
      14
       9
      15
      14
      16
       9
      13
      15
      16
      16
      13
      11
      15
      11
      10
      12
      11
      15
      21
      16
      13
      20
      12
      21
      20
      12
      19
      13
      14
      10
      12
      16
      18
      10
      16
      16
      11
      22
      14
      19
      22
      15
      13
      12
      16
      14
      17
      29
      18
       7
      18
      12
      22
      13
      20
      15
      15
      18
      14
      15
      20
      14
      19
      13
      19
      16
      16
      16
      13
      20
      10
      22
      15
      23
      11
      16
      21
      18
      15
      16
      23
      13
      19
      13
      13
      11
      19
      24
      13
      21
      16
      12
      20
      21
      15
      15
      19
      20
      17
      23
      18
      19
      19
      12
      16
      17
      16
      18
      18
      16
      17
      14
      15
      35
      13
      18
      24
      14
      11
      16
      13
      14
      15
      13
      19
      21
      15
      21
      18
      12
      15
      22
      17
      17
      15
      16
      19
      22
      15
      15
      15
      19
      13
      25
      16
      18
      20
      18
      13
      16
      14
      13
      12
      23
      16
      15
      15
      21
      22
      15
      24
      24
      21
      15
      13
      15
      21
      16
      17
      18
      14
      17
      17
      16
      13
      13
      18
      11
      17
      12
      16
      14
      17
      15
      21
      23
      16
      22
      17
      16
      11
      18
      16
      22
      18
      14
      10
      24
      17
      15
      12
      15
      20
      15
      14
      12
      16
      15
      22
      22
      16
      14
      21
      13
      16
      20
      14
      18
      11
      14
      16
      21
      11
      12
      16
      17
      19
      16
      13
      22
      19
      27
      14
      22
      19
      17
      19
      20
      19
      16
       9
      18
      19
      19
      16
      19
      15
      13
      17
      15
      18
      14
      21
      20
      17
      12
      20
      24
      24
      18
      16
      21
      16
      19
      22
      16
       8
      13
      21
      19
      17
       8
      23
      16
      21
      16
      16
      17
      13
      10
      12
      13
      24
      17
      18
      12
      11
      10
      11
      16
      19
      15
      16
      17
      13
      15
      16
      13
      14
      18
      19
      17
       9
      14
      13
      18
      13
      19
      17
      14
      14
      13
      16
      17
      13
      14
       8
      13
      12
      14
      14
      11
      21
      11
       9
      15
      15
      14
      13
      15
       8
      14
      15
      11
      17
      14
      16
      15
      10
      10
       9
      23
      16
      16
      16
      15
      16
      13
       8
      20
      12
      16
      14
      15
      15
      11
      19
       8
      16
      10
      17
      11
      12
      12
      18
      20
      17
      15
      12
      18
      19
      12
       8
      19
      10
      19
      15
      15
      17
      13
      19
      13
      16
      19
      22
      17
      12
      15
      14
      17
      25
      20
       7
      13
      11
      12
      10
      12
      15
      14
       9
       7
      13
      10
      10
      20
      15
      11
       9
      16
      11
      16
      14
      18
      13
      13
      13
      18
      21
      13
      12
      15
      11
       9
       8
      14
       5
      12
       8
      15
       9
      11
      22
       9
      13
      12
      16
      21
      20
      18
       8
      10
       9
      13
       9
      15
      17
      19
      13
      11
      14
      18
      14
      10
      11
       9
      13
      13
       7
       6
      13
      16
      10
      15
      14
      15
      10
      15
      12
      12
      14
      10
      13
      13
      18
       9
      14
      18
      18
      10
      16
      11
      13
      14
      18
      16
       8
      15
      18
      12
      13
       9
       9
      11
      16
      12
       9
      22
      13
       7
      12
      15
       8
      10
      13
      12
      13
       7
      12
      10
       9
      10
      14
      12
      17
      12
      17
      12
      15
      13
      13
      15
      10
      14
      10
       9
       8
       8
       8
      16
      15
      12
      11
      14
       7
       7
      11
      14
      15
      11
      11
      12
      15
      14
      12
       8
       7
      10
      10
       9
      10
      14
      19
      15
       9
       6
      12
      12
      17
      14
      15
      14
      13
      16
      11
       6
      16
      11
      11
      10
       8
      15
      11
      15
      14
      13
      19
      12
       9
       8
      14
      16
       9
      12
      10
      15
      14
      11
      16
      16
      11
      25
      17
      13
      11
       9
      12
      11
      12
      13
       6
      11
      10
      18
      10
       9
      17
       6
      15
      18
      13
      18
       8
      10
      12
      18
      13
      16
      14
      12
      16
      14
      19
      13
       9
      18
      17
      11
      13
      14
      19
       6
      13
      20
      20
      18
      14
      12
      22
       9
      12
      10
      13
      16
      13
       4
      16
      13
      11
      12
      16
      17
       7
      19
       6
      19
       4
      10
      10
      12
      12
      13
      15
      13
      13
      11
      18
      11
      10
      13
       9
      17
      10
       9
      15
      12
      14
      15
      10
      13
       9
      14
      11
      15
      19
      12
      16
      13
      14
      16
       7
      16
      11
      13
      22
      12
       8
       7
       9
      10
       8
      12
      11
      14
      10
      12
      15
       9
      11
      15
      10
      15
      11
       9
       9
      12
      17
      16
       9
      14
      10
      12
      16
      11
       9
      15
      10
      20
      11
      11
      15
      15
       6
      11
       8
      15
      11
       8
      13
      18
      11
       7
       5
      13
      11
       8
       9
       9
      11
       8
      11
       9
      15
      12
      10
      11
       9
      10
       6
      14
      14
      13
      13
      10
      11
      12
      13
       9
      16
       7
      13
      10
       6
      10
      10
      12
      12
      13
      10
      10
       8
       7
      12
      11
       7
       6
       9
      11
      15
      15
       9
       8
       4
      10
       9
       8
      11
      14
      13
       8
       5
       8
       9
      12
      18
       6
       7
      12
       8
       7
      11
      13
       5
      15
      13
       9
      11
      11
       7
      10
      11
      12
      11
       8
      13
       8
      11
      11
       8
       8
       8
       8
       9
      14
       7
      11
      12
       7
       7
       8
       8
      10
      10
      11
       9
       8
      10
       6
       6
      15
       9
      12
       3
       7
      12
      12
       7
      13
       7
       7
      13
      11
       6
      14
      11
       6
      10
       9
      10
      10
       8
       6
      11
       3
       6
      10
       7
      12
       7
       8
       7
       9
       8
       5
       8
       4
       8
      12
      11
       5
       5
       8
       4
       5
      12
       9
       8
       4
       8
       8
      10
       6
       3
       9
       5
       4
       7
       8
       1
       7
       9
       6
       5
       5
       7
      18
       8
       5
       5
       8
       6
       9
       6
       5
       5
       5
       7
       7
       3
       7
       9
      11
       5
       7
       7
      11
       3
      10
      11
      11
      15
       2
      12
       7
      12
       7
       4
       5
       6
       9
       8
       1
       8
       9
       6
       5
       9
       9
      11
       6
      10
      12
       6
       5
      11
       4
      10
       9
       6
       7
      10
       8
       4
       9
       5
       5
       8
       3
       3
      10
       7
       6
       8
       5
       8
       7
       4
       8
       6
       5
       8
      10
       7
       6
       4
       6
       5
       5
       3
       5
       7
       8
       7
       7
      10
      12
      10
       5
       5
       4
       8
       5
      14
      14
       5
       6
       5
       6
       5
       8
       4
       3
       9
       3
       5
       5
       9
       4
       6
       7
       3
       7
       6
       9
      10
       7
       4
       4
       7
       6
      10
       5
       5
       4
       2
       8
       4
       5
       7
       8
       2
       2
       5
       5
       7
       2
       9
       5
       3
      10
       6
       7
       6
       8
       3
       3
       7
       5
       9
       9
       2
       7
       6
       5
       6
       4
       8
       5
      11
       3
       3
       6
       7
       8
      13
       5
       8
      10
       2
       7
      10
      11
      11
       9
       9
       9
      11
       7
       7
      10
      13
      11
       4
       8
      13
       3
       5
       9
      10
       3
       6
       6
       6
      11
      10
      11
      14
      13
       6
      10
       6
       6
      12
       9
      17
       8
      10
       9
       4
       2
      13
      13
      12
      11
       6
      10
       7
      10
       4
       9
      10
       5
      13
      10
      11
      12
      12
       9
      10
       6
       7
       8
       9
      13
      10
       6
      15
      11
       9
      18
      12
      11
      11
      14
      12
      14
       9
      17
      12
       8
      13
      11
      16
      10
      10
      16
      13
      11
      12
      16
      20
      13
      17
      16
      10
      10
      11
       9
      13
      14
      23
      14
      10
      14
      12
      12
      26
      21
      10
      14
      13
      11
      19
      12
       8
      13
      16
      12
      13
      10
      15
      13
      17
      12
      14
      18
      21
      21
      19
      14
      22
      23
      16
      17
      15
      15
      23
      18
      19
      11
      25
      23
      12
      16
      21
      22
      11
      23
      19
      17
      17
      14
      11
      16
      13
      13
      22
      19
      17
      21
      19
      20
      10
      15
      24
      16
      17
      20
      19
      21
      19
      20
      12
      25
      18
      18
      15
      17
      22
      27
      11
      25
      21
      18
      30
      19
      22
      20
      30
      28
      24
      27
      25
      27
      23
      20
      21
      17
      17
      19
      15
      21
      13
      26
      23
      29
      26
      25
      14
      23
      20
      18
      20
      30
      27
      17
      27
      25
      28
      18
      37
      30
      17
      20
      22
      29
      20
      24
      19
      16
      30
      25
      22
      18
      19
      31
      20
      29
      24
      20
      25
      29
      18
      23
      24
      28
      18
      36
      19
      25
      29
      27
      24
      21
      33
      27
      30
      24
      23
      26
      33
      22
      23
      23
      21
      31
      17
      25
      27
      26
      24
      27
      17
      34
      20
      24
      19
      16
      20
      24
      22
      28
      22
      23
      20
      19
      20
      23
      14
      22
      25
      22
      14
      21
      29
      21
      15
      18
      21
      21
      26
      17
      26
      29
      25
      28
      18
      18
      25
      26
      19
      21
      21
      19
      22
      14
      14
      25
      22
      26
      18
      25
      16
      22
      30
      14
      24
      29
      23
      12
      24
      25
      13
      16
      13
      14
      12
      17
      20
      14
      18
      20
      23
      10
      15
      22
      12
      15
      14
      19
      13
      14
      12
      12
      20
      14
      11
      19
      20
      10
      13
       9
      10
      11
       6
      11
      15
       9
      10
      14
      12
      16
      14
      14
       9
      13
      11
      11
      13
       6
      10
       6
      14
      10
       9
      11
      13
       7
      11
       6
       9
       7
       7
      15
      12
      14
       7
       9
       6
      11
       6
       4
      10
       4
       9
       6
       7
      11
       7
       2
       5
       8
       8
      11
       4
       8
       5
       5
       6
       2
       5
       6
       4
       6
       6
       3
       1
       4
       5
       7
       5
       6
       6
       1
       2
       2
       4
       4
       4
       4
      10
       8
       4
       4
       4
       8
       4
       3
       5
       3
       1
       2
       2
       3
       2
       1
       1
       3
       2
       4
       1
       2
       2
       3
       1
       3
       3
       1
       0
       0
       2
       2
       4
       3
       2
       1
       3
       1
       1
       2
       1
       1
       1
       2
       1
       2
       2
       1
       1
       1
       1
       1
       0
       3
       1
       1
       1
       0
       0
       0
       0
       0
       1
       0
       1
       0
       1
       0
       1
       0
       0
       0
       1
       1
       1
       1
       0
       1
       1
       0
       1
       1
       1
       0
       0
       0
       1
       0
       2
       1
       0
       0
       0
       0
       0
       1
       0
       2
       0
       0
       0
       1
       1
       0
       0
       0
       0
       0
       0
       0
       0
       1
       0
       0
       0
       1
       0
       1
       0
       0
       1
       0
       0
       0
       0
       0
       0
       0
       0
       1
       0
       0
       1
       0
       0
       0
       0
       0
       0
       0
       0
       1
       0
       0
       1
       1
       0
       0
       0
       1
       0
       1
       0
       0
       1
       0
       0
       0
       0
       0
       0
       2
       0
       1
       1
       0
       0
       0
       0
       0
       0
       0
       0
       0
       0
       0
       0
       0
       1
       0
       0
       1
       0
       0
       0
       1
       1
       0
       0
       0
       0
       0
       0
       0
       0
       0
       0
       0
       0
       0
       0
       0
       0
       0
       0
       0
       0
       0
       0
       0
       0
       0
       0
       0
       0
       0
       0
       0
       0
       0
       0
$ROI:
0
$PRESETS:
None
0
0
$ENER_FIT:
0.000000 0.421939
$MCA_CAL:
3
0.000000E+000 4.219387E-001 0.000000E+000 keV
$SHAPE_CAL:
3
0.000000E+000 0.000000E+000 0.000000E+000
