$SPEC_ID:
Scatter
$SPEC_REM:
DET# 2
DETDESC# JLAB-11 MCB 133
AP# Maestro Version 7.01
$DATE_MEA:
03/06/2025 16:06:34
$MEAS_TIM:
1341 1431
$DATA:
0 2047
       0
       0
       0
       0
       0
       0
       2
     132
      98
     175
     194
     124
     178
     236
     173
     108
      43
      28
      17
       5
       6
       3
       0
       3
       1
       0
       3
       2
       1
       3
       3
       1
       0
       2
       1
       1
       2
       2
       0
       1
       1
       3
       4
       2
       0
       1
       1
       3
       1
       2
       2
       1
       0
       0
       1
       1
       1
       2
       0
       0
       2
       0
       1
       0
       3
       1
       3
       1
       2
       1
       1
       0
       3
       2
       0
       6
       4
       1
       1
       3
       1
       2
       2
       3
       5
       2
       5
       6
       1
       4
       2
       2
       0
       4
       4
       2
       1
       1
       3
       3
       3
       6
       2
       1
       1
       3
       2
       2
       3
       2
       0
       3
       3
       2
       1
       2
       2
       1
       3
       4
       1
       2
       1
       1
       4
       4
       2
       0
       1
       6
       3
       2
       3
       3
       3
       5
       2
       3
       2
       1
       1
       4
       3
       2
       5
       0
       1
       5
       6
       2
       4
       2
       2
       2
       3
       4
       0
       1
       4
       3
       0
       1
       1
       3
       3
       1
       3
       3
       4
       2
       3
       0
       4
       3
       5
       4
       3
       2
       3
       2
       1
       4
       3
       5
       3
       4
       3
       4
       5
       3
       7
       5
      11
       5
       2
       3
       2
       6
       1
       6
       8
       8
       2
       1
       2
       4
       3
       8
       1
       4
       8
       4
       9
       6
       5
       6
       6
       7
       3
       5
       7
       5
       2
       7
       3
       6
       9
       7
       4
       7
       5
       5
       7
       7
      11
       2
       5
      10
       5
       3
       7
      10
       4
       4
       6
       7
       6
       4
       3
       6
       8
       8
       5
       5
       6
       5
       8
       3
       4
       4
       2
       7
       9
       7
       6
       5
       6
      10
      12
       6
       5
       7
       7
       3
       4
       9
       6
       5
       7
       8
      12
       9
       5
       6
      10
       7
       4
       6
       7
       8
       5
       9
       7
      11
       5
       8
       4
       5
       6
       5
       7
       6
       2
       8
      11
       6
       6
       4
       1
       9
       8
       6
       8
       6
       9
       6
      14
       8
       9
       4
       6
      10
       7
       7
      12
      10
       8
       8
       9
       2
      11
       6
      11
       9
      12
      10
       5
       8
       9
       6
       7
       7
       6
       6
       8
       6
      14
      10
      11
       6
      11
       6
       9
       6
       8
       2
       8
       5
       5
      12
       5
       5
       6
       9
      13
      12
       5
       8
       9
       7
       9
      13
       6
       8
      11
       7
      16
       6
      13
      14
       6
      10
       7
      17
      12
       5
       9
       7
       8
       5
       6
       8
      10
      12
      11
       8
       8
      13
       8
      14
      15
       7
      12
       8
      10
       9
      15
      14
      13
      10
      17
      13
      14
      12
      12
       7
       8
      12
       9
      10
       8
       7
      12
       9
       9
      10
      17
      17
      17
      13
       8
       7
      14
      18
       8
       4
       7
      10
      15
       6
       7
       9
       8
      22
      10
      18
       9
       3
      11
      13
      18
       7
      10
      11
      11
      14
      17
       8
      10
      13
      12
      19
       9
       9
      16
      13
      14
      12
      11
      21
      13
       8
       9
       8
      15
      17
      16
      17
       8
      15
       7
      10
      14
      16
      14
      16
      21
      15
      12
      14
       9
      18
      14
      12
       7
      13
       8
      10
       9
      19
      10
      14
      10
      11
      11
      14
      13
       9
      14
      16
      15
      12
      17
      15
      11
      13
      16
      19
      16
       9
      18
      19
      14
      28
      27
      12
      20
      18
      17
      14
       9
      22
      20
      10
      23
      15
      16
      22
      12
      20
      19
      22
      22
      14
      24
      24
      23
      11
      20
      21
      21
      23
      22
      23
      18
      26
      27
      32
      19
      20
      25
      15
      39
      26
      29
      28
      13
      25
      24
      25
      24
      30
      36
      28
      30
      28
      24
      36
      28
      25
      26
      28
      21
      41
      43
      32
      36
      33
      20
      33
      34
      26
      26
      39
      28
      37
      32
      26
      25
      32
      33
      31
      36
      34
      40
      34
      40
      40
      24
      45
      35
      34
      37
      25
      24
      26
      39
      35
      27
      32
      18
      30
      21
      32
      23
      32
      27
      34
      26
      29
      13
      25
      26
      19
      21
      29
      23
      29
      22
      15
      29
      14
      19
      29
      26
      20
      18
      21
      21
      26
      17
      19
      20
      14
      20
      21
      13
      20
      12
      17
      11
      19
      10
      11
      15
      18
      12
       8
       7
      16
      12
       4
      16
      16
      16
      20
      16
      11
      10
       9
       7
      14
      11
      15
      10
       9
       5
       9
       5
       8
      12
       8
       6
      13
      12
      10
       5
       9
       5
       4
       8
      11
       9
       9
       5
       9
      17
       9
       9
       7
       7
       8
       9
       6
       6
      12
       5
      11
      11
       6
       4
       4
       8
       9
       6
       6
       5
       4
       8
       4
       5
      14
       5
       8
       9
       5
       5
       7
       5
       6
       6
      10
       6
      13
       5
       8
       7
       4
       5
       3
       5
       6
       7
       4
       7
       6
       0
       7
       6
       6
       7
       7
       6
       5
       5
       2
       2
      10
      10
       4
       5
       2
       7
       6
       4
       6
       5
       2
       2
       5
       2
       7
       5
       3
       2
       8
       4
       7
       5
       4
       2
       2
       1
       4
       2
       1
       4
       3
       6
       5
       4
       3
       2
       5
       4
       3
       3
       7
       6
       8
       6
       6
       3
       1
       6
       3
       2
       2
       1
       4
       3
       4
       2
       1
       3
       4
       5
       3
       6
       3
       4
       5
       2
       5
       3
       4
       7
       1
       5
       3
       2
       1
       4
       4
       4
       4
       1
       6
       0
       3
       2
       1
       1
       4
       3
       2
       4
       3
       5
       1
       3
       1
       4
       3
       1
       4
       7
       1
       3
       1
       1
       4
       2
       3
       5
       1
       2
       2
       0
       2
       3
       4
       3
       5
       3
       3
       2
       4
       4
       5
       3
       2
       2
       3
       3
       1
       0
       2
       4
       1
       1
       3
       3
       2
       4
       1
       4
       1
       0
       1
       1
       3
       5
       2
       2
       6
       2
       3
       2
       3
       1
       2
       3
       3
       0
       1
       3
       2
       2
       4
       3
       2
       1
       3
       2
       2
       2
       3
       0
       3
       3
       5
       0
       2
       2
       2
       4
       4
       2
       2
       5
       1
       0
       3
       4
       5
       4
       4
       2
       3
       1
       3
       1
       2
       3
       3
       1
       1
       2
       5
       2
       5
       1
       2
       2
       4
       2
       5
       1
       0
       1
       2
       2
       2
       3
       4
       2
       3
       0
       1
       4
       3
       0
       3
       4
       1
       4
       3
       4
       1
       5
       2
       2
       3
       3
       1
       1
       6
       0
       4
       0
       2
       3
       4
       8
       1
       1
       2
       1
       1
       4
       1
       2
       2
       3
       1
       0
       8
       1
       0
       2
       2
       2
       0
       2
       0
       1
       0
       2
       2
       6
       2
       1
       2
       2
       3
       1
       1
       1
       0
       2
       3
       0
       2
       0
       0
       0
       2
       1
       1
       3
       6
       5
       2
       3
       1
       3
       2
       2
       2
       2
       1
       4
       4
       1
       3
       0
       1
       2
       3
       2
       3
       0
       2
       2
       2
       3
       0
       2
       3
       3
       3
       3
       5
       1
       0
       2
       4
       4
       1
       1
       0
       2
       0
       0
       1
       4
       1
       0
       0
       3
       0
       1
       1
       1
       3
       3
       1
       1
       2
       1
       2
       1
       1
       2
       1
       1
       0
       0
       5
       3
       3
       1
       0
       3
       1
       2
       2
       2
       0
       1
       1
       2
       0
       1
       2
       0
       1
       0
       1
       1
       1
       1
       0
       1
       0
       1
       2
       2
       0
       1
       0
       0
       1
       4
       1
       1
       2
       0
       0
       1
       0
       2
       1
       0
       2
       1
       2
       3
       3
       1
       0
       1
       1
       0
       1
       0
       1
       3
       1
       1
       4
       1
       1
       2
       1
       3
       0
       1
       4
       1
       1
       0
       2
       0
       1
       1
       1
       5
       1
       1
       2
       0
       0
       3
       3
       2
       1
       1
       1
       0
       2
       0
       1
       1
       0
       1
       2
       0
       2
       2
       1
       1
       0
       2
       1
       1
       1
       1
       1
       0
       3
       0
       1
       1
       0
       3
       1
       2
       1
       3
       1
       1
       1
       0
       1
       3
       0
       2
       1
       0
       0
       1
       3
       1
       4
       1
       2
       2
       2
       2
       2
       1
       1
       0
       0
       0
       1
       0
       0
       0
       1
       3
       2
       1
       0
       1
       2
       0
       0
       1
       2
       2
       0
       0
       1
       0
       2
       0
       0
       0
       2
       1
       2
       0
       4
       0
       0
       3
       3
       2
       1
       2
       0
       0
       0
       2
       3
       0
       0
       4
       0
       1
       1
       1
       0
       1
       2
       1
       0
       1
       1
       2
       1
       0
       1
       2
       0
       0
       2
       1
       3
       2
       0
       0
       1
       4
       1
       0
       0
       5
       2
       2
       2
       0
       1
       1
       0
       3
       1
       2
       1
       1
       0
       1
       0
       2
       0
       0
       0
       0
       2
       0
       0
       0
       1
       0
       1
       1
       2
       0
       0
       0
       2
       4
       3
       1
       0
       1
       1
       0
       3
       1
       1
       2
       2
       3
       2
       2
       0
       1
       1
       2
       0
       1
       1
       1
       1
       0
       2
       0
       0
       1
       1
       1
       2
       1
       0
       0
       0
       1
       2
       0
       3
       1
       0
       0
       1
       5
       0
       3
       1
       1
       1
       1
       2
       3
       1
       1
       6
       2
       0
       0
       0
       2
       0
       0
       0
       2
       2
       0
       0
       0
       1
       1
       1
       0
       0
       0
       1
       2
       2
       0
       0
       2
       2
       0
       1
       1
       1
       3
       1
       1
       1
       1
       0
       2
       0
       0
       1
       0
       2
       0
       0
       1
       2
       2
       0
       0
       1
       1
       0
       0
       1
       2
       2
       2
       0
       2
       0
       0
       1
       0
       2
       0
       1
       0
       3
       3
       2
       1
       0
       0
       1
       0
       0
       1
       0
       0
       0
       1
       5
       1
       1
       3
       2
       1
       2
       0
       0
       2
       1
       2
       1
       0
       1
       0
       0
       0
       1
       1
       2
       0
       1
       1
       1
       2
       0
       2
       2
       1
       1
       1
       0
       1
       0
       3
       1
       1
       2
       2
       1
       2
       0
       1
       0
       1
       0
       3
       1
       1
       2
       1
       3
       1
       3
       2
       5
       1
       0
       2
       1
       0
       3
       0
       1
       1
       0
       3
       4
       0
       2
       0
       2
       0
       1
       0
       0
       0
       1
       1
       3
       1
       1
       1
       1
       1
       1
       1
       0
       3
       1
       1
       0
       0
       2
       1
       0
       0
       1
       0
       2
       0
       1
       0
       1
       1
       1
       2
       2
       1
       2
       1
       0
       0
       0
       1
       0
       1
       1
       2
       0
       4
       1
       4
       2
       3
       2
       0
       0
       1
       0
       0
       5
       3
       2
       1
       2
       2
       0
       1
       1
       0
       0
       1
       0
       1
       0
       1
       0
       0
       0
       0
       0
       0
       0
       1
       2
       1
       1
       1
       0
       2
       1
       3
       1
       2
       2
       1
       0
       0
       6
       4
       1
       0
       1
       1
       3
       0
       2
       2
       0
       1
       0
       3
       1
       2
       0
       2
       1
       0
       1
       1
       1
       0
       2
       2
       0
       2
       0
       2
       2
       1
       0
       1
       1
       0
       0
       3
       1
       1
       2
       4
       1
       0
       1
       4
       1
       2
       2
       4
       3
       3
       0
       2
       2
       3
       0
       2
       0
       1
       0
       2
       2
       0
       3
       2
       3
       1
       3
       1
       2
       2
       3
       1
       1
       2
       4
       5
       2
       2
       2
       1
       2
       2
       1
       3
       1
       2
       2
       2
       2
       1
       0
       5
       1
       2
       2
       4
       0
       2
       1
       4
       5
       3
       3
       4
       5
       2
       3
       3
       0
       1
       2
       4
       3
       4
       2
       4
       3
       2
       2
       2
       2
       6
       4
       0
       2
       2
       2
       2
       3
       3
       3
       2
       3
       4
       4
       2
       1
       4
       3
       1
       3
       1
       1
       1
       4
       2
       1
       2
       5
       5
       3
       2
       2
       4
       1
       2
       0
       3
       4
       1
       3
       2
       1
       4
       2
       1
       1
       3
       0
       3
       3
       1
       3
       1
       2
       2
       2
       2
       0
       3
       1
       2
       1
       2
       3
       3
       0
       2
       2
       1
       2
       0
       0
       1
       0
       0
       1
       1
       0
       1
       2
       1
       1
       3
       1
       3
       1
       0
       3
       1
       2
       1
       0
       0
       0
       1
       1
       0
       0
       0
       1
       2
       0
       1
       1
       0
       1
       2
       1
       0
       2
       1
       1
       2
       1
       1
       1
       1
       1
       0
       0
       0
       0
       0
       0
       0
       1
       0
       1
       0
       0
       0
       0
       1
       1
       0
       0
       0
       0
       0
       0
       0
       0
       0
       1
       2
       0
       0
       1
       0
       0
       0
       0
       0
       0
       0
       1
       0
       0
       0
       0
       1
       1
       0
       0
       1
       0
       0
       0
       1
       0
       0
       1
       0
       0
       0
       0
       0
       0
       0
       0
       0
       0
       1
       1
       0
       0
       0
       0
       0
       1
       0
       0
       0
       0
       0
       1
       0
       0
       0
       0
       0
       0
       0
       0
       0
       0
       0
       0
       0
       0
       0
       0
       0
       0
       0
       0
       0
       0
       0
       0
       0
       0
       0
       0
       0
       0
       0
       0
       0
       0
       0
       0
       0
       0
$ROI:
0
$PRESETS:
None
0
0
$ENER_FIT:
0.000000 0.421939
$MCA_CAL:
3
0.000000E+000 4.219387E-001 0.000000E+000 keV
$SHAPE_CAL:
3
0.000000E+000 0.000000E+000 0.000000E+000
