$SPEC_ID:
Scatter
$SPEC_REM:
DET# 2
DETDESC# JLAB-11 MCB 133
AP# Maestro Version 7.01
$DATE_MEA:
03/06/2025 14:33:58
$MEAS_TIM:
1954 2058
$DATA:
0 2047
       0
       0
       0
       0
       0
       0
       0
      98
      43
      79
      91
      88
      83
     150
     123
      60
      32
      18
       9
       5
       2
       2
       2
       8
       1
       1
       0
       1
       0
       2
       0
       0
       2
       0
       0
       1
       1
       1
       0
       1
       0
       3
       1
       1
       2
       1
       1
       1
       3
       1
       3
       1
       1
       1
       0
       1
       2
       1
       0
       2
       1
       1
       0
       2
       5
       1
       3
       2
       1
       3
       0
       0
       3
       5
       2
       2
       4
       2
       3
       0
       2
       2
       2
       3
       2
       4
       4
       1
       2
       2
       4
       3
       4
       1
       6
       0
       4
       2
       0
       0
       3
       1
       3
       2
       7
       2
       2
       1
       2
       0
       1
       1
       7
       1
       4
       2
       2
       3
       4
       0
       3
       2
       2
       6
       5
       0
       2
       3
       3
       3
       2
       2
       2
       4
       6
       2
       1
       3
       8
       0
       2
       4
       3
       2
       4
       1
       4
       2
       6
       1
       3
       4
       3
       1
       2
       5
       1
       2
       9
       4
       3
       3
       2
       6
       2
       5
       3
       3
       6
       8
       3
       5
       5
       2
       5
       4
       4
       4
       8
       4
       6
       5
       3
       6
       3
       3
       2
       3
       2
       4
       8
       2
       7
       8
       3
       5
       3
       5
       5
       9
       8
       0
       9
       5
       9
       7
      10
       5
       6
       3
       9
      11
       8
       2
      10
       5
       2
      10
       3
       6
       9
       6
       4
       6
       9
       6
       5
      15
       4
       8
       6
       9
       6
       5
       8
       3
       8
      11
       7
       8
       9
       5
      10
       7
       7
       9
       7
       8
      13
       7
      10
      11
      12
      11
      12
       6
       7
       8
      10
       9
       9
       6
       9
       8
      11
      11
       8
       9
       5
       4
      12
      10
       8
       7
       6
       6
       6
       5
      12
       6
       7
       9
       9
      10
      10
      12
       9
      13
       6
       7
       7
       5
       8
       7
       7
      15
      13
       6
       6
      11
       8
       8
      12
       8
      11
      17
      14
       6
       9
      11
      15
      10
       6
      11
      10
       8
      10
      14
      14
      11
      15
      15
      12
      10
       9
       8
      10
      12
      10
      18
      11
      10
      13
      14
       8
      11
      11
      18
      17
      12
      15
       8
      15
      11
      15
      14
      12
      12
      10
      15
       7
      20
      15
       9
      12
      15
      11
      10
      11
      11
      15
      10
      11
      10
      10
      12
      17
       8
      15
      16
      14
      15
       9
       7
      19
       8
      12
      13
      10
      19
      16
      14
      11
      18
      13
      16
      17
      20
       9
      11
      12
      22
      12
      13
      11
      20
      13
      11
      13
      24
      15
      14
       8
      12
      16
      11
      17
      19
      12
       8
      22
      13
      19
      12
      17
      11
      18
      17
      11
      17
      19
      17
      12
      19
      15
      18
      18
      16
      13
      18
      20
      13
      20
      22
      16
      12
      17
       9
      16
      16
      11
      16
       9
      13
      18
      22
      10
      15
      16
      20
      19
      14
       8
      20
      13
      14
      18
      21
      16
      18
      12
      15
      18
      14
      20
      19
      18
      13
      22
      23
      17
      16
      15
      18
      15
       9
      20
       8
      16
       9
      17
      11
       7
      10
      16
      17
      11
      17
      14
      13
      14
      13
      24
      21
      23
      14
      13
      19
      15
      10
      16
      19
      13
      15
      12
      14
      11
      18
      13
      17
      15
      18
      15
      20
      18
      14
      17
      15
       7
      18
      21
      10
      26
       5
      15
      12
      16
      17
      15
      12
      21
       6
      17
      11
      19
      15
      28
      14
      15
       9
      14
       7
      10
      17
      14
      13
      15
      15
      17
      15
      14
      22
      13
      14
      18
       7
      13
      14
      20
      11
      12
      11
      12
      12
      17
      11
      11
      12
       7
      11
      11
      11
      11
      17
       7
      14
      11
      14
      16
      17
      19
      13
      12
      11
      16
      10
      11
      10
       6
      14
       9
      15
       4
      10
      15
      13
      14
      11
      16
      12
      11
      11
      10
      15
      18
       9
      17
      14
      11
      15
      12
      22
      10
      13
       8
      10
      14
      11
      14
      15
      12
      13
      17
      14
       9
      16
      11
      11
      12
      11
      14
      16
       2
      12
       9
      18
      12
      10
      11
      15
      12
      17
      13
       9
       9
       6
      10
      11
       8
      13
      10
      12
      13
      13
       7
      12
      11
       8
      10
      16
      16
      11
      12
      15
       8
      16
      11
       7
      16
       8
      12
       7
      10
       6
      10
      15
      15
      16
      13
       9
       8
      14
      11
      10
      13
      11
       9
      14
       9
      10
      10
       8
       7
      15
       8
       6
      16
      14
      22
       9
      15
       8
       8
      10
       9
      12
      11
       9
       9
      10
       9
      14
      14
      14
       9
      12
      18
      11
      13
      13
       9
       9
      18
      13
       9
       6
      16
      10
       9
       7
       7
       8
      14
      16
      12
      13
      15
       9
       8
      12
      12
       8
       8
      10
       7
      12
      12
       8
       9
       7
      13
      12
       9
      20
      12
      10
       7
      14
       9
      11
      12
      10
       6
      10
      12
       8
       6
       9
       8
      11
      11
       8
      15
       9
      12
      10
       9
       8
       8
      13
       9
      11
       6
       7
      10
       9
      19
      12
      10
       6
       7
      11
      10
      10
      13
      15
      11
      11
      14
      13
      10
      11
      12
      11
      10
      16
      10
       9
      17
      12
       5
       7
      13
       5
       9
       5
      12
      12
      10
      11
       6
       8
       6
       9
       8
      16
      11
      13
      11
      17
      15
      13
      11
       9
      10
      19
      16
      13
      11
      12
      12
      12
      13
      11
      11
       6
      14
      15
      14
      12
      14
      12
      18
      15
      12
      11
      14
      17
      11
       9
      15
      13
      11
      13
      16
      13
       8
      17
      14
      16
      18
      17
      19
      15
      17
      20
      11
      15
      18
       8
      17
      12
      13
      17
      12
      21
      15
      14
      17
      17
      19
      18
      12
      16
      15
      15
      17
      14
      15
      15
      16
      16
      15
      11
      18
      20
      16
      10
      13
      18
      15
      18
      13
      15
      17
      21
      13
      17
      17
      20
      12
      21
      15
      18
      20
      26
      16
      13
      12
      19
      20
      25
      15
      31
      17
      26
      15
      19
      14
      21
      29
      19
      19
      22
      22
      28
      23
      22
      21
      18
      29
      26
      23
      23
      26
      23
      22
      21
      29
      14
      21
      32
      21
      24
      27
      16
      23
      19
      18
      33
      27
      26
      20
      24
      19
      25
      13
      23
      20
      22
      30
      19
      24
      26
      21
      26
      21
      19
      20
      24
      25
      29
      27
      24
      26
      21
      23
      27
      22
      23
      21
      28
      29
      29
      30
      21
      16
      29
      29
      31
      17
      26
      29
      28
      24
      30
      29
      26
      29
      25
      24
      23
      27
      25
      22
      17
      32
      33
      26
      26
      23
      18
      32
      22
      28
      20
      30
      25
      27
      18
      18
      27
      21
      28
      18
      22
      16
      16
      24
      11
      25
      14
      23
      20
      19
      13
      24
      20
      24
      23
      18
      16
      26
      21
      17
      21
      16
      16
      22
      16
      10
      16
      20
      14
      13
      19
      15
      15
      13
      14
      18
      16
      14
      16
       6
      16
      14
      19
      19
      17
      15
      18
      18
       9
      17
      11
      15
      18
      26
      13
      15
       4
      14
      12
      10
       7
      12
      10
      14
      13
       8
      14
      12
      13
       7
       6
       9
       9
      11
       5
      13
      11
       7
       9
       6
       6
       9
       9
       4
       9
      10
      10
       7
      13
      12
      11
      14
      10
       8
       9
       4
      10
       3
       8
      14
       8
      10
       6
       7
       2
       8
       2
       6
       5
       5
       6
       3
      16
       6
       8
       5
       6
       6
      11
       3
       6
       1
       4
       8
       4
       4
       4
       6
       4
       9
       5
       8
       7
       6
       5
      10
       3
       3
       4
       3
       4
       7
       3
       7
       5
       3
       3
       2
       5
       4
      13
       4
       4
       4
       4
       6
       7
       4
       2
       8
       7
       3
       4
       3
       2
       4
       5
       3
       5
       4
       3
       0
       1
       1
       4
       7
       2
       3
       2
       2
       4
       4
       3
       3
       3
       3
       3
       3
       5
       4
       1
       6
       0
       3
       1
       3
       3
       2
       2
       4
       2
       0
       3
       2
       0
       3
       4
       3
       1
       6
       3
       3
       3
       3
       1
       0
       4
       1
       3
       2
       3
       1
       5
       2
       3
       1
       2
       1
       3
       1
       1
       0
       2
       2
       2
       3
       0
       3
       1
       3
       3
       1
       2
       5
       2
       3
       0
       2
       2
       1
       1
       3
       0
       1
       2
       1
       0
       1
       1
       2
       1
       1
       1
       1
       0
       3
       2
       1
       2
       2
       1
       3
       0
       2
       1
       2
       0
       2
       1
       2
       3
       1
       1
       1
       2
       4
       1
       0
       1
       3
       2
       2
       2
       1
       1
       0
       1
       0
       2
       2
       2
       2
       0
       3
       2
       0
       0
       0
       2
       1
       2
       0
       1
       2
       1
       3
       0
       1
       1
       2
       1
       0
       0
       0
       1
       0
       2
       0
       1
       2
       2
       0
       1
       1
       0
       2
       0
       4
       1
       2
       2
       0
       1
       1
       4
       2
       0
       1
       0
       4
       2
       0
       0
       2
       1
       1
       0
       1
       1
       2
       1
       0
       0
       0
       0
       0
       2
       2
       2
       2
       2
       2
       0
       0
       2
       0
       0
       4
       1
       3
       0
       2
       1
       2
       1
       0
       1
       0
       0
       2
       1
       1
       1
       2
       0
       1
       0
       1
       3
       1
       0
       0
       2
       0
       4
       1
       1
       0
       2
       1
       0
       1
       1
       2
       0
       0
       0
       0
       1
       0
       0
       1
       2
       2
       2
       0
       2
       0
       1
       0
       1
       1
       1
       0
       1
       0
       0
       2
       0
       0
       3
       1
       3
       0
       1
       1
       2
       1
       0
       1
       0
       1
       0
       0
       1
       1
       1
       1
       1
       0
       1
       1
       1
       1
       1
       1
       0
       0
       1
       0
       0
       1
       2
       0
       1
       0
       0
       2
       5
       0
       3
       1
       2
       1
       0
       0
       2
       2
       2
       0
       0
       0
       2
       0
       0
       0
       2
       0
       1
       0
       1
       2
       1
       0
       2
       1
       0
       0
       2
       1
       0
       1
       1
       2
       0
       0
       0
       0
       0
       0
       3
       1
       1
       0
       1
       1
       0
       2
       0
       1
       1
       0
       0
       1
       0
       0
       1
       0
       0
       0
       0
       0
       0
       1
       1
       3
       1
       0
       1
       0
       0
       0
       0
       0
       1
       2
       1
       2
       0
       0
       1
       0
       1
       0
       3
       1
       1
       2
       0
       0
       1
       0
       3
       0
       0
       1
       1
       1
       1
       0
       4
       1
       1
       1
       3
       1
       0
       0
       0
       0
       1
       1
       1
       0
       0
       1
       0
       0
       1
       1
       0
       0
       1
       2
       0
       3
       1
       0
       1
       1
       0
       0
       0
       0
       0
       0
       0
       0
       0
       1
       1
       0
       0
       1
       0
       0
       0
       1
       0
       1
       1
       0
       1
       0
       0
       0
       3
       0
       0
       0
       0
       1
       1
       0
       0
       0
       0
       0
       0
       0
       1
       1
       0
       1
       1
       0
       1
       0
       0
       0
       1
       0
       0
       1
       0
       0
       0
       1
       0
       1
       1
       1
       1
       0
       1
       0
       0
       2
       0
       0
       1
       1
       1
       1
       2
       1
       1
       1
       1
       0
       0
       0
       0
       1
       1
       1
       1
       0
       2
       1
       2
       0
       0
       0
       2
       0
       1
       0
       0
       1
       0
       1
       0
       1
       0
       0
       1
       0
       2
       0
       0
       2
       0
       1
       0
       0
       0
       0
       1
       0
       2
       0
       0
       1
       0
       2
       0
       0
       1
       0
       0
       0
       0
       0
       0
       1
       0
       1
       1
       1
       0
       0
       1
       1
       0
       1
       0
       0
       0
       0
       2
       0
       3
       0
       0
       0
       0
       0
       0
       0
       0
       0
       0
       0
       0
       1
       0
       0
       0
       0
       2
       0
       0
       0
       1
       0
       0
       0
       1
       0
       2
       0
       1
       0
       0
       3
       0
       1
       1
       0
       2
       0
       0
       0
       0
       1
       0
       1
       1
       0
       2
       0
       0
       0
       1
       0
       1
       1
       0
       0
       0
       0
       0
       0
       2
       0
       0
       0
       2
       0
       0
       0
       0
       1
       0
       0
       1
       1
       0
       1
       2
       0
       0
       0
       0
       0
       0
       0
       1
       0
       1
       0
       0
       0
       0
       0
       0
       0
       0
       0
       0
       0
       0
       0
       0
       0
       0
       0
       1
       1
       0
       1
       0
       0
       1
       0
       0
       0
       0
       0
       0
       0
       0
       1
       0
       0
       1
       0
       0
       1
       0
       0
       0
       0
       0
       0
       0
       0
       1
       1
       0
       0
       0
       0
       1
       0
       0
       1
       0
       0
       0
       0
       1
       0
       0
       1
       0
       0
       0
       0
       0
       0
       0
       0
       0
       0
       0
       0
       0
       1
       0
       0
       0
       0
       1
       0
       0
       2
       1
       0
       1
       0
       1
       0
       0
       0
       0
       1
       0
       0
       0
       0
       1
       1
       1
       0
       0
       1
       0
       0
       0
       1
       1
       0
       0
       0
       0
       0
       0
       0
       0
       0
       0
       0
       0
       0
       0
       0
       0
       0
       0
       0
       0
       0
       0
       0
       0
       0
       0
       0
       0
       0
       0
       0
       0
       0
       0
       0
       0
       0
       0
       0
       0
$ROI:
0
$PRESETS:
None
0
0
$ENER_FIT:
0.000000 0.421939
$MCA_CAL:
3
0.000000E+000 4.219387E-001 0.000000E+000 keV
$SHAPE_CAL:
3
0.000000E+000 0.000000E+000 0.000000E+000
