$SPEC_ID:
Scatter
$SPEC_REM:
DET# 2
DETDESC# JLAB-11 MCB 133
AP# Maestro Version 7.01
$DATE_MEA:
03/06/2025 14:33:58
$MEAS_TIM:
1645 1727
$DATA:
0 2047
       0
       0
       0
       0
       0
       0
       0
      81
      53
     109
      84
      82
      78
     133
      97
      61
      27
      11
       2
       4
       0
       3
       3
       0
       1
       1
       3
       0
       3
       2
       0
       3
       1
       0
       1
       1
       1
       0
       1
       3
       1
       1
       2
       2
       1
       2
       1
       1
       0
       0
       1
       1
       1
       1
       1
       1
       1
       3
       1
       1
       3
       1
       1
       1
       2
       0
       0
       3
       0
       2
       0
       0
       0
       3
       2
       3
       1
       1
       1
       2
       2
       1
       2
       6
       4
       6
       4
       0
       0
       1
       2
       3
       2
       5
       2
       1
       2
       2
       1
       3
       0
       2
       8
       5
       5
       4
       4
       1
       1
       4
       5
       0
       0
       0
       2
       3
       1
       1
       1
       3
       2
       1
       1
       3
       4
       4
       4
       3
       3
       2
       1
       3
       3
       1
       3
       5
       2
       2
       1
       0
       2
       4
       3
       2
       3
       3
       4
       1
       1
       3
       3
       7
       2
       1
       5
       5
       3
       0
       4
       2
       1
       0
       6
       3
       0
       4
       1
       4
       3
       2
       4
       5
       2
       1
       1
       2
       6
       7
       1
       2
       3
       4
       2
       3
       3
       1
       5
       2
       5
       0
       6
       5
       9
       8
       3
       4
       9
       3
       1
       3
       2
       3
       1
       6
       5
       2
       6
       5
       5
       4
       5
       2
       4
       6
       5
       0
       5
       7
       5
       5
       4
       9
      11
       2
       6
       5
       7
       9
       8
       4
       9
       7
       4
       8
       9
       5
       9
       2
       6
       7
       4
       7
       7
       4
       3
       7
      10
       7
       6
       2
       4
      14
       6
       7
       6
       1
      12
       8
       5
      12
      11
       6
       4
       7
       2
       8
       9
       6
       2
      10
       6
       6
      11
       5
       2
       6
      14
       9
       5
       7
       9
       5
       3
       4
       7
       3
      10
       9
       5
       5
       5
       9
       5
       2
       4
       9
      15
       9
       7
       8
      11
      10
       8
       5
       5
      11
       7
       6
       3
      10
      10
       6
       7
       7
       9
       7
      11
      10
       8
      11
       8
       5
      10
       7
       8
      10
       9
       5
       6
       4
       9
      15
       8
       8
       8
      13
      15
       4
       7
      15
      11
       8
       8
       9
      19
       8
      10
      16
      13
       6
       3
      10
       8
      10
       9
       9
      12
      11
      13
      16
      10
       9
       8
       3
      10
       6
       8
      13
      11
       8
      10
       9
      13
      14
      10
      11
       6
      10
      21
       9
      18
       8
       9
      12
       6
      11
       9
       7
       8
       9
      15
      16
      15
      10
       8
      12
       9
      10
       8
       8
      17
      11
       6
       7
      11
      14
       7
       9
      13
      13
      10
      14
      11
      15
       7
      15
      13
      18
      10
      17
      12
      19
      10
      14
       6
      11
      11
      14
      18
      11
      11
      13
      11
       9
       9
      14
      12
      12
       5
      13
      14
      14
      13
      10
       5
      15
      14
      13
       5
      13
      12
      14
       9
      16
       8
       9
       8
       7
      12
      10
      10
      24
      15
      10
      14
      13
      17
       9
       7
      10
      12
      18
      12
      13
       6
       9
      12
      16
      15
      11
      14
      14
      14
       9
       5
       9
       9
      16
      15
      15
       8
      17
      15
       9
      11
      14
      21
      13
      16
      11
      11
      15
       9
      10
       3
      14
       7
      13
       8
       9
      13
      15
      14
       8
      10
      19
      16
      16
       6
      11
       8
      13
      12
       8
      13
      18
       7
      12
      12
      10
      14
       6
       9
      13
      11
      12
      16
      15
       9
      17
      12
       9
      14
      11
      13
      12
      12
      13
      14
      16
      11
      12
       3
       6
      10
      16
      11
      14
      10
       9
      14
      12
      12
      14
       4
      17
      17
      10
       6
      10
       8
      12
      13
      14
       7
       9
      11
      11
      19
      16
       3
      12
       7
       9
       9
      11
      10
       9
      12
      12
      11
      12
       8
      10
       6
      10
      11
      13
       9
      16
      16
      11
      16
      15
      11
      11
       9
      23
      17
      13
       8
      14
      12
      15
      16
      16
       7
      14
      19
      17
      12
      17
      16
       4
      14
       8
      15
      15
      13
      13
      14
      19
      16
      12
      13
      12
      16
      13
       8
      18
      16
      13
      14
       9
      14
      15
      14
      16
      15
      12
       9
      18
      12
      19
      17
      17
      19
      10
      15
      15
      19
      11
      14
      21
      17
      12
      19
      20
      24
      17
      24
       8
      22
      20
      16
      26
      24
      19
      18
      18
      12
      19
      15
      16
      18
      17
      21
      18
      19
      19
      25
      25
      21
      15
      24
      24
      22
      26
      17
      33
      24
      22
      17
      20
      20
      21
      18
      28
      26
      26
      31
      29
      24
      29
      23
      38
      21
      33
      28
      22
      21
      28
      28
      14
      30
      21
      36
      39
      28
      34
      15
      27
      27
      29
      34
      31
      32
      17
      25
      16
      24
      39
      26
      31
      27
      30
      33
      26
      24
      32
      26
      25
      26
      24
      22
      25
      28
      25
      25
      28
      26
      17
      20
      21
      25
      30
      25
      16
      26
      20
      24
      25
      33
      26
      20
      23
      31
      26
      19
      14
      20
      23
      19
      23
      24
      17
      22
      15
      16
      22
      26
      20
      16
      10
      12
      19
      15
      18
      15
      16
      14
      18
      12
      16
      16
      17
      11
      16
      19
      13
      14
      17
      18
      11
      16
      13
      18
      19
      12
      16
      13
       9
      11
      10
       9
      11
       9
      17
      13
       8
       9
      11
       8
       9
       9
      13
      13
       9
      11
      16
      14
      12
       8
      11
      10
      10
      11
       5
      13
       8
       8
       3
       6
      12
       8
       9
       7
       8
       8
       8
       5
       3
       7
      11
       7
      10
       5
       6
       5
      10
       6
       6
       7
       5
       9
       8
       9
       8
       7
       5
      13
       7
       4
      10
       6
       7
       3
       3
       3
       6
       8
       8
       5
       3
      10
       4
       7
       9
       4
       6
       3
       0
       5
       4
       2
       4
       1
       3
       4
       1
       2
       3
       5
       4
       9
       3
       2
       5
       6
       4
       2
       9
       9
       6
       3
       6
       3
       3
       4
       3
       4
       4
       6
       3
       5
       3
       8
       2
       3
       6
       3
       1
       5
       2
       2
       3
       4
       5
       3
       2
       8
       4
       3
       7
       8
       3
       8
       5
       3
       3
       4
       4
       1
       5
       3
       4
       1
       2
       3
       4
       7
       4
       1
       3
       3
       2
       3
       8
       2
       5
       3
       2
       3
       6
       1
       3
       3
       6
       6
       3
       2
       9
       2
       4
       2
       4
       3
       5
       2
       2
       3
       1
       3
       2
       2
       2
       0
       1
       2
       3
       3
       3
       0
       0
       2
       2
       3
       6
       3
       1
       3
       3
       0
       2
       5
       4
       2
       1
       1
       1
       1
       3
       0
       1
       0
       0
       1
       2
       2
       0
       3
       2
       2
       4
       1
       4
       2
       1
       2
       2
       2
       1
       2
       2
       3
       0
       1
       1
       0
       1
       2
       1
       1
       3
       2
       1
       1
       0
       1
       1
       1
       3
       1
       3
       0
       4
       2
       2
       1
       0
       1
       2
       0
       0
       1
       1
       2
       2
       0
       2
       1
       0
       5
       3
       0
       1
       2
       1
       3
       2
       1
       0
       4
       0
       2
       2
       0
       2
       0
       0
       2
       0
       2
       2
       1
       0
       2
       4
       1
       1
       0
       0
       0
       1
       1
       2
       2
       1
       2
       1
       2
       1
       1
       2
       0
       1
       2
       0
       2
       0
       1
       2
       1
       2
       2
       0
       2
       1
       1
       0
       0
       0
       0
       1
       2
       0
       0
       1
       5
       1
       1
       0
       0
       0
       2
       0
       2
       1
       0
       2
       0
       0
       3
       1
       2
       2
       2
       0
       1
       0
       1
       0
       2
       0
       0
       0
       1
       2
       2
       1
       1
       2
       2
       0
       2
       0
       2
       4
       0
       2
       1
       0
       2
       1
       0
       1
       2
       0
       1
       1
       2
       0
       2
       0
       0
       1
       1
       3
       2
       2
       1
       1
       0
       2
       2
       1
       1
       2
       1
       1
       1
       0
       1
       1
       0
       1
       1
       1
       3
       0
       3
       0
       1
       0
       0
       1
       2
       1
       0
       1
       0
       1
       0
       3
       1
       0
       0
       0
       0
       1
       2
       0
       0
       1
       1
       0
       0
       0
       0
       0
       1
       1
       1
       0
       2
       3
       3
       0
       0
       0
       0
       1
       0
       1
       3
       3
       1
       1
       0
       1
       1
       3
       1
       0
       1
       0
       2
       1
       1
       2
       0
       2
       3
       1
       2
       1
       0
       2
       1
       1
       0
       0
       0
       3
       0
       2
       0
       0
       2
       0
       3
       2
       3
       1
       1
       0
       4
       1
       0
       0
       2
       1
       1
       0
       0
       1
       1
       0
       1
       1
       0
       1
       0
       0
       2
       0
       0
       1
       1
       0
       2
       0
       2
       0
       0
       0
       1
       0
       2
       1
       1
       3
       1
       1
       1
       0
       2
       0
       1
       1
       0
       0
       0
       1
       1
       1
       2
       2
       0
       1
       2
       1
       1
       0
       1
       0
       0
       1
       0
       2
       1
       2
       3
       2
       0
       1
       1
       1
       0
       1
       0
       0
       0
       1
       3
       0
       1
       0
       1
       1
       1
       2
       0
       0
       0
       1
       0
       0
       1
       1
       1
       0
       1
       1
       1
       1
       0
       0
       2
       1
       1
       1
       2
       0
       2
       2
       0
       2
       1
       0
       1
       1
       1
       1
       0
       1
       4
       0
       3
       0
       1
       0
       2
       1
       0
       2
       1
       0
       0
       2
       1
       0
       0
       1
       2
       1
       1
       0
       1
       0
       1
       0
       0
       1
       0
       0
       0
       1
       0
       1
       0
       0
       0
       0
       0
       0
       0
       2
       2
       0
       1
       0
       2
       0
       0
       2
       0
       1
       0
       1
       2
       0
       1
       0
       1
       1
       0
       1
       0
       0
       0
       1
       2
       0
       1
       1
       0
       1
       0
       2
       2
       0
       0
       0
       0
       1
       0
       0
       0
       0
       0
       0
       0
       1
       0
       1
       0
       0
       0
       0
       1
       1
       1
       0
       2
       0
       1
       0
       2
       0
       2
       1
       1
       2
       0
       1
       0
       1
       2
       0
       0
       0
       2
       0
       0
       0
       1
       0
       2
       1
       0
       1
       0
       1
       0
       0
       1
       0
       1
       2
       0
       0
       0
       0
       0
       0
       0
       1
       0
       0
       0
       0
       0
       1
       1
       1
       1
       1
       0
       1
       2
       0
       1
       1
       1
       2
       1
       0
       1
       0
       0
       0
       1
       0
       0
       1
       1
       0
       1
       0
       0
       0
       0
       2
       0
       0
       0
       0
       0
       0
       3
       1
       0
       1
       1
       1
       0
       1
       1
       0
       2
       1
       0
       1
       0
       2
       4
       0
       0
       0
       2
       1
       1
       1
       1
       0
       2
       0
       1
       0
       0
       0
       0
       0
       2
       0
       2
       0
       1
       2
       0
       0
       0
       0
       0
       2
       0
       0
       0
       0
       2
       0
       1
       1
       1
       0
       0
       0
       0
       0
       1
       1
       1
       0
       0
       0
       2
       1
       1
       1
       0
       0
       0
       0
       1
       0
       1
       0
       1
       0
       0
       0
       1
       0
       1
       0
       0
       0
       1
       2
       2
       0
       1
       0
       0
       2
       0
       1
       0
       1
       1
       1
       0
       0
       0
       3
       0
       0
       2
       1
       0
       1
       0
       0
       2
       1
       1
       0
       0
       1
       3
       1
       0
       0
       1
       0
       3
       0
       1
       1
       1
       0
       0
       2
       0
       1
       1
       0
       1
       2
       1
       0
       0
       0
       1
       0
       0
       1
       1
       1
       1
       0
       0
       1
       0
       0
       2
       0
       0
       1
       2
       1
       1
       0
       1
       1
       0
       1
       1
       1
       1
       0
       2
       5
       4
       0
       0
       0
       1
       1
       1
       0
       1
       0
       2
       2
       1
       2
       3
       2
       1
       0
       0
       1
       0
       2
       2
       0
       0
       0
       1
       3
       2
       1
       0
       0
       2
       0
       2
       2
       1
       0
       1
       1
       0
       1
       2
       0
       3
       0
       0
       2
       0
       1
       0
       0
       2
       1
       2
       1
       1
       3
       2
       0
       2
       1
       1
       2
       1
       1
       0
       0
       0
       0
       0
       0
       2
       0
       0
       1
       0
       0
       2
       0
       0
       1
       0
       1
       0
       0
       3
       0
       0
       1
       0
       0
       1
       1
       0
       0
       1
       0
       0
       2
       0
       0
       0
       0
       0
       0
       0
       2
       0
       1
       0
       0
       0
       0
       1
       0
       1
       1
       1
       0
       1
       0
       1
       0
       0
       1
       0
       0
       1
       0
       1
       0
       0
       1
       1
       0
       0
       0
       0
       0
       0
       1
       0
       0
       0
       0
       0
       0
       0
       0
       1
       0
       2
       1
       0
       0
       0
       0
       0
       0
       0
       0
       0
       0
       0
       0
       1
       0
       0
       0
       0
       0
       0
       1
       0
       0
       2
       0
       1
       0
       0
       0
       0
       0
       0
       0
       0
       0
       0
       0
       0
       0
       0
       0
       0
       0
       1
       0
       0
       0
       0
       1
       0
       0
       1
       0
       0
       1
       0
       0
       0
       0
       0
       0
       0
       0
       0
       0
       0
       0
       0
       0
       0
       0
       0
       0
       0
       0
       0
       0
       0
       0
       0
       0
       0
       0
       0
       0
       0
       0
       0
       0
       0
       0
$ROI:
0
$PRESETS:
None
0
0
$ENER_FIT:
0.000000 0.421939
$MCA_CAL:
3
0.000000E+000 4.219387E-001 0.000000E+000 keV
$SHAPE_CAL:
3
0.000000E+000 0.000000E+000 0.000000E+000
