$SPEC_ID:
Scatter
$SPEC_REM:
DET# 2
DETDESC# JLAB-11 MCB 133
AP# Maestro Version 7.01
$DATE_MEA:
03/06/2025 14:33:58
$MEAS_TIM:
1333 1455
$DATA:
0 2047
       0
       0
       0
       0
       0
       0
       0
      65
      33
      65
      90
      74
     125
     412
     351
     235
     112
      59
      40
      21
       9
       4
       0
       0
       3
       1
       0
       2
       0
       0
       1
       1
       1
       2
       0
       1
       0
       0
       1
       0
       1
       3
       1
       3
       0
       1
       2
       1
       2
       1
       2
       1
       0
       2
       1
       4
       0
       2
       2
       1
       1
       3
       4
       0
       1
       0
       1
       2
       2
       1
       3
       0
       1
       0
       0
       2
       1
       2
       0
       2
       2
       1
       5
       2
       0
       2
       7
       0
       3
       3
       1
       1
       1
       4
       2
       2
       5
       2
       1
       5
       4
       2
       1
       0
       1
       3
       1
       3
       5
       1
       1
       3
       5
       0
       2
       0
       2
       0
       1
       4
       4
       3
       6
       3
       5
       2
       1
       2
       3
       1
       0
       4
       0
       6
       0
       3
       1
       0
       4
       4
       1
       1
       3
       6
       2
       3
       2
       4
       6
       3
       2
       5
       2
       5
       8
       4
       4
       4
       6
       3
       2
       5
       6
       3
       2
       3
       3
       2
       3
       3
       1
       7
       5
       1
       2
       3
       4
       4
       7
       5
       4
      10
       2
       8
       3
       5
       8
       6
       5
       8
       5
       4
       5
       3
       5
       2
       5
       5
      10
       7
       7
       9
      14
      10
       6
       9
       8
       5
       5
      10
      10
       4
      10
       6
       2
       4
       9
      10
       7
       7
       9
      11
       8
       5
       9
      11
       8
       7
      10
       6
       5
      14
      11
       9
       8
      14
       5
       6
       7
       8
       8
       8
       9
       6
       7
      11
      15
      11
      10
       6
      12
       5
      10
      10
      14
       9
       6
      12
      10
      10
      11
       8
       8
       8
       5
      13
       8
       6
       8
      12
      16
      17
      12
      12
       8
      10
       9
      11
      14
       9
       9
       6
      11
       9
       8
       6
       5
       9
       6
       7
       8
      14
      10
       5
       6
      13
       5
       8
      12
      13
       9
      16
       7
       8
       6
       9
      11
      10
      15
      13
      12
       8
      13
      11
      10
      14
      13
      11
      15
      11
      13
      13
      11
      11
      12
      11
      11
       6
       8
      10
      10
      12
       9
      10
      13
      16
       6
      19
      10
       6
      21
      14
      13
       9
      14
      11
      11
       3
      13
       9
      13
      11
      10
      15
      11
      12
      12
      15
      16
      11
      10
      17
      11
      15
      17
      12
       7
      17
       9
      13
      18
      18
      14
      17
      13
       9
      11
      12
      10
      10
       9
      13
      14
      10
      12
      16
      11
      15
      11
       5
       9
      10
      17
      11
      19
      13
       9
      14
      10
      11
      14
      10
      15
      12
      15
      15
      12
       9
      19
      19
      14
      19
      10
      16
      15
      11
      19
      10
      11
      16
       9
      14
      17
      14
      14
      10
      11
      17
      15
      21
      12
      20
      17
      10
      12
      21
       9
      12
      20
      13
      17
      10
      16
      12
      18
       8
      11
      13
      16
       9
      18
      16
      11
       9
      18
      11
       9
      16
      19
      13
      14
      20
      14
       9
      17
      10
      13
      15
      15
      14
      14
      15
      14
      15
       5
      15
      19
      16
       9
      16
      15
      10
      15
      13
      17
       6
      14
      20
      12
      17
      21
      11
      21
      13
      11
       6
      13
      16
      15
      13
       8
       6
      11
      17
      12
      17
      15
      12
      16
      13
      16
      11
      20
      14
      13
      16
      17
       9
      21
      15
      22
      16
      13
      17
      17
      13
      15
      17
      22
      15
      18
      15
      16
      14
      16
      17
      11
      12
      10
      14
      12
      12
      13
      20
      12
      10
      15
      10
      16
      14
      12
      15
      12
      13
      12
      16
      13
       5
      17
      10
      17
      18
       8
      15
       8
      14
      13
      16
      13
      13
      11
      13
      12
      15
      15
      14
      13
      15
       7
      16
      13
      10
      14
      13
      11
      12
       7
      15
      18
      23
      12
      12
      11
      14
      16
       7
       9
      15
      15
      10
      13
      12
      14
       9
      11
       6
       8
      10
       9
      23
      15
      17
      14
      18
       9
      15
       7
      17
      15
      12
       8
      10
      14
      11
      15
      14
      15
      12
       8
       9
      13
      13
      15
      11
      10
      10
       8
      19
      17
      10
      11
       9
      11
      19
       7
      17
      11
      19
      18
      11
      10
       9
      10
       9
      10
      12
      12
       8
      10
      10
      13
      13
      10
      10
       8
       6
      12
      13
      13
       9
      10
      13
      15
      12
       8
      12
       7
       9
      13
      16
       9
      11
      11
      15
       9
       9
      16
      14
       7
      10
      14
       9
       9
      10
      12
      12
      11
      12
      11
      15
      13
       4
      10
      10
      11
      12
      14
      12
      12
      11
      11
       4
      14
      10
      11
      13
      21
      17
       7
       6
       6
       7
      10
      14
      14
      11
       8
       9
       5
      11
       8
       9
       7
       8
       9
      11
       7
      10
       6
       9
       8
       7
      10
      11
       6
      10
      10
      10
      14
      10
      10
       9
       9
       7
      12
       9
      11
      12
      13
      14
      14
       5
       8
      14
       9
      10
      13
      12
      13
      10
      10
       8
       9
       4
       8
       8
       8
       5
      13
      11
      10
      10
      14
       6
      14
       7
      10
       6
      10
       8
      15
      15
       7
      11
      11
      10
      10
      11
      12
       6
       8
      13
      13
      10
       8
      10
       9
       6
       9
       6
      10
      11
       8
       8
      11
      16
      17
      11
       8
       8
      13
       6
      12
      10
       9
       6
      13
      12
      10
       5
       9
       9
       8
       6
      13
       7
       8
       8
       6
      11
       4
       8
       6
      16
      10
       6
      15
       4
      11
       7
      12
      12
       6
       1
       8
       6
       7
       6
       5
      12
      11
      13
       7
      15
       5
       8
       4
       8
      13
       6
       7
       9
      16
      10
       9
       9
      11
      10
      10
      11
       9
      15
       3
      11
       9
       5
       8
       6
      11
      13
       5
      12
       7
       7
      10
       8
       9
      14
       7
       6
      13
       7
       8
      11
      13
       7
       6
      18
       8
       6
       4
       7
      10
      10
       7
       9
      11
      12
       4
       7
       8
      10
       8
      12
      12
       7
      11
      13
       9
      13
       6
       5
      11
       4
       8
       6
       3
       5
       8
       6
       4
      12
       6
      10
       4
       6
       9
      10
       8
       7
      10
      11
       7
       9
      10
       7
       5
       8
      12
      10
       5
      13
      11
       6
       4
       6
       7
       7
       8
       4
      12
       9
       4
       6
       9
      10
      10
       7
       6
       3
       9
       9
       9
       5
       6
       8
       3
       7
       7
      10
      12
       6
       8
       8
       6
       3
       7
      11
       4
      10
       7
       4
      11
      11
       4
       3
      10
       7
       6
       1
       4
      10
       2
      13
       8
       4
       5
       7
       7
       1
       5
       8
      10
       9
       6
       3
       9
       9
       9
       7
       7
       4
       8
       6
       9
      10
       7
       4
       3
      10
       5
       8
       8
       5
       3
       6
       6
       1
       5
       4
       8
       2
       8
      10
       8
       4
       4
       7
       5
       6
       5
      13
       3
       4
       2
      10
      10
       4
       5
       6
       5
       2
       8
       7
       6
       3
       8
       9
       4
      11
       8
       4
       4
       5
       5
       4
       6
       8
       9
       2
       8
       5
       6
       7
       8
       5
       3
       8
       6
      13
       8
       5
      11
       4
       6
       5
       6
       4
       6
       7
       5
       7
       6
       7
       8
      10
       4
       2
       7
       6
       5
       8
       8
      10
       5
       7
       8
       9
       6
       5
      11
       8
       3
       8
      11
       8
       7
       6
       4
       6
       8
       8
       4
      10
       7
       7
       5
      16
       5
       5
       2
       4
      10
       7
      10
      12
       8
      15
       6
       6
       6
      10
       9
      14
       5
       6
       6
       9
       9
       9
       9
       7
       5
       9
       6
      13
       8
       9
       7
       5
       9
      13
       4
       6
      14
      16
       9
      11
       7
       8
       6
       8
      11
       6
      14
       7
       2
       7
       8
       8
      10
      11
       6
      12
      16
      10
      13
      12
      10
       6
       7
       7
      15
       8
      10
       9
       9
      11
       7
      19
      12
      10
       7
       9
       8
      10
       9
       8
       9
      16
      16
      13
      13
      13
      15
      10
      14
      19
      19
      13
       3
      11
      14
      14
       9
       8
      13
       6
      20
      10
       8
       7
      12
      13
       5
      12
      12
      11
      16
      17
      16
      15
      13
       8
      17
      14
      11
      14
       9
      12
      18
      16
      16
      15
      23
      12
      12
      14
      14
      17
      19
      15
      10
      18
      22
      21
      18
      12
      25
      15
      19
      13
      17
      14
      11
       7
      14
       6
      12
       9
      17
      20
       8
      11
      19
      13
      18
      15
      17
      17
      19
      10
      13
      17
       7
      16
      18
      14
      15
      14
      12
      15
      13
      14
      22
      13
      18
      23
      16
       7
      17
      14
      14
      15
      19
      21
      31
      21
      26
      16
      19
      16
      20
      15
      22
      21
      20
      16
      22
      17
      17
      16
      20
      21
       9
      14
      22
      17
      11
      24
      16
      23
      11
      24
      17
      19
      14
      15
      16
      18
      15
      19
       9
      15
      17
      17
      15
      17
      25
      14
      20
      26
      15
      12
      20
      23
      18
      19
      20
      21
      17
      18
      13
      27
      23
      18
      21
      17
      25
      13
      24
      17
      15
      12
      19
      12
      25
      13
      21
      13
      25
      17
      18
      19
      19
      13
      15
      19
      19
      18
      17
      17
      13
      10
      16
      23
      16
      14
      18
      18
      19
      16
      18
      14
      19
      21
      19
      13
       7
      16
      14
      16
       8
      14
      17
       9
      18
      17
      19
      10
      15
      10
       9
       9
      14
      17
      18
       8
      18
      18
      15
      20
      24
      10
      19
      12
      12
      11
      10
      11
      18
      10
      13
      17
      17
      11
       9
       9
      18
      12
      15
       7
      15
       7
      10
      11
       9
       8
       9
      11
       8
      10
       8
      12
      10
      12
      13
       9
      11
      22
       5
      13
      11
       9
       9
      13
      10
      11
       7
       5
       9
      11
      10
       7
      10
      13
      11
       3
      11
       8
      13
       7
       5
       8
       4
       4
       6
      12
       7
       9
      10
       4
      11
       7
       3
       7
       3
       9
       8
       8
       8
      10
       3
       4
       5
       2
       6
       5
       8
       8
       2
       4
       6
       7
       4
       8
       5
      10
       2
       6
       5
       7
       2
       4
       3
       1
       4
       3
       3
       4
       6
       8
       4
       1
       2
       3
       4
       3
       5
       3
       1
       0
       2
       1
       6
       4
       5
       1
       5
       3
       3
       5
       1
       3
       1
       5
       0
       3
       4
       0
       2
       3
       1
       2
       2
       1
       6
       2
       1
       2
       3
       0
       0
       2
       2
       1
       1
       3
       3
       1
       1
       1
       1
       4
       2
       2
       1
       3
       2
       1
       3
       1
       0
       1
       0
       0
       3
       2
       3
       0
       1
       0
       0
       0
       2
       3
       1
       1
       3
       2
       0
       2
       1
       2
       0
       1
       1
       0
       0
       3
       1
       0
       2
       1
       1
       0
       1
       1
       2
       1
       2
       1
       0
       0
       0
       0
       1
       1
       0
       3
       1
       2
       0
       0
       0
       1
       0
       0
       1
       0
       0
       1
       1
       0
       0
       2
       1
       0
       2
       0
       0
       1
       1
       1
       0
       1
       0
       2
       0
       0
       0
       0
       0
       1
       2
       0
       1
       2
       0
       0
       0
       1
       0
       0
       0
       0
       0
       0
       0
       1
       1
       0
       1
       0
       0
       1
       0
       1
       0
       0
       1
       0
       0
       0
       2
       0
       1
       0
       0
       0
       0
       1
       0
       0
       0
       0
       0
       0
       0
       0
       1
       1
       0
       1
       0
       0
       0
       2
       1
       1
       0
       1
       2
       0
       0
       0
       0
       1
       0
       1
       0
       0
       1
       1
       2
       1
       1
       1
       0
       1
       0
       1
       1
       0
       2
       0
       0
       1
       0
       2
       0
       0
       1
       0
       0
       4
       1
       3
       2
       0
       0
       2
       0
       0
       0
       1
       1
       0
       0
       0
       0
       0
       0
       0
       0
       0
       0
       0
       2
       1
       0
       1
       0
       0
       0
       0
       0
       0
       1
       0
       0
       1
       0
       1
       2
       1
       0
       1
       0
       0
       0
       0
       1
       0
       0
       2
       0
       1
       1
       1
       1
       0
       0
       0
       0
       1
       0
       1
       0
       1
       0
       0
       0
       2
       0
       0
       0
       1
       0
       0
       0
       1
       1
       0
       1
       0
       0
       0
       0
       0
       1
       0
       0
       0
       0
       0
       0
       0
       0
       0
       0
       0
       0
       0
       0
       1
       0
       1
       0
       0
       1
       1
       0
       0
       0
       1
       0
       0
       0
       0
       0
       0
       1
       2
       0
       1
       1
       0
       1
       0
       0
       1
       1
       0
       0
       0
       1
       1
       0
       0
       2
       0
       1
       0
       1
       0
       1
       0
       0
       0
       0
       0
       0
       0
       0
       0
       0
       0
       0
       0
       0
       0
       0
       0
       1
       0
       1
       0
       0
       0
       0
       1
       0
       0
       0
       0
       1
       1
       0
       0
       1
       0
       0
       0
       0
       0
       1
       0
       0
       1
       0
       1
       0
       0
       0
       0
       0
       0
       0
       0
       0
       0
       0
       0
       1
       0
       0
       0
       1
       0
       0
       0
       0
       0
       0
       0
       0
       0
       0
       0
       0
       0
       0
       0
       0
       0
       0
       0
       0
       0
       0
       0
       0
       0
       0
       0
       0
       0
       0
       0
       0
       0
       0
       0
       0
       0
       0
       0
$ROI:
0
$PRESETS:
None
0
0
$ENER_FIT:
0.000000 0.421939
$MCA_CAL:
3
0.000000E+000 4.219387E-001 0.000000E+000 keV
$SHAPE_CAL:
3
0.000000E+000 0.000000E+000 0.000000E+000
