$SPEC_ID:
Scatter
$SPEC_REM:
DET# 2
DETDESC# JLAB-11 MCB 133
AP# Maestro Version 7.01
$DATE_MEA:
03/11/2025 15:10:04
$MEAS_TIM:
566 574
$DATA:
0 2047
       0
       0
       0
       0
       0
       0
       0
       0
       0
       0
       0
       0
       0
       0
       0
       0
       0
       0
       0
       0
       0
       0
       0
       0
       0
       0
       0
       0
       0
       0
       0
       0
       0
       0
       0
       0
       0
       0
       0
       0
       0
       0
       0
       0
       0
       0
       0
       0
       0
       0
       0
       0
       0
       0
       0
       0
       0
       0
       0
       0
       0
       0
       0
       0
       0
       0
       0
       0
       0
       0
       0
       0
       0
       0
       0
       0
       0
      19
     189
     200
     201
     202
     226
     197
     203
     192
     207
     205
     199
     213
     204
     208
     178
     184
     205
     234
     195
     214
     197
     214
     191
     218
     185
     216
     207
     212
     188
     207
     206
     223
     189
     227
     210
     212
     200
     236
     205
     202
     254
     179
     205
     213
     218
     208
     214
     207
     210
     217
     219
     213
     203
     235
     201
     213
     223
     228
     199
     220
     227
     219
     225
     227
     226
     212
     197
     237
     200
     239
     241
     228
     212
     224
     241
     221
     234
     224
     206
     238
     240
     248
     236
     235
     217
     238
     262
     208
     236
     244
     251
     217
     247
     239
     293
     275
     257
     269
     241
     241
     269
     284
     307
     282
     261
     281
     254
     267
     274
     274
     287
     252
     274
     313
     312
     286
     279
     308
     313
     283
     308
     290
     334
     305
     297
     320
     311
     340
     297
     325
     311
     327
     294
     297
     316
     361
     358
     366
     310
     346
     349
     353
     367
     383
     380
     356
     367
     373
     352
     371
     362
     359
     348
     375
     366
     343
     350
     360
     348
     365
     405
     390
     346
     342
     346
     329
     348
     350
     334
     361
     370
     379
     385
     368
     362
     389
     360
     343
     371
     346
     365
     357
     363
     341
     356
     398
     365
     337
     376
     352
     371
     363
     374
     362
     383
     353
     352
     349
     389
     358
     387
     371
     321
     370
     371
     377
     338
     383
     378
     389
     391
     337
     373
     348
     373
     372
     367
     369
     394
     386
     382
     352
     366
     378
     343
     351
     357
     372
     405
     348
     368
     363
     396
     376
     423
     363
     402
     374
     370
     368
     373
     367
     402
     372
     366
     368
     379
     344
     377
     374
     367
     372
     394
     366
     386
     397
     372
     383
     400
     397
     388
     394
     367
     372
     381
     378
     386
     370
     406
     368
     339
     389
     391
     385
     383
     391
     377
     368
     386
     380
     393
     365
     389
     377
     370
     378
     386
     363
     409
     388
     392
     364
     340
     340
     351
     425
     352
     358
     401
     360
     369
     374
     371
     387
     369
     385
     387
     380
     370
     361
     366
     363
     366
     379
     371
     380
     361
     362
     348
     365
     386
     341
     400
     397
     405
     355
     347
     364
     410
     382
     367
     348
     380
     376
     363
     396
     387
     345
     388
     357
     383
     357
     390
     374
     373
     366
     350
     419
     325
     373
     373
     340
     365
     357
     370
     371
     379
     386
     361
     373
     355
     382
     425
     341
     341
     362
     325
     366
     388
     349
     370
     349
     404
     365
     335
     386
     373
     343
     330
     364
     355
     341
     329
     337
     328
     343
     352
     364
     360
     323
     349
     336
     382
     358
     355
     354
     331
     339
     349
     363
     352
     356
     393
     370
     350
     361
     377
     351
     336
     387
     362
     347
     361
     375
     340
     354
     392
     378
     393
     388
     361
     354
     381
     365
     383
     367
     355
     378
     388
     368
     360
     389
     389
     400
     358
     398
     383
     364
     388
     359
     397
     400
     419
     374
     404
     391
     393
     378
     361
     390
     378
     380
     369
     373
     419
     369
     378
     389
     391
     387
     373
     412
     427
     358
     375
     387
     404
     395
     384
     400
     390
     357
     395
     359
     382
     374
     378
     367
     363
     369
     372
     389
     406
     382
     399
     380
     396
     321
     363
     374
     377
     364
     349
     334
     336
     382
     352
     370
     368
     378
     355
     351
     365
     346
     341
     340
     338
     356
     333
     340
     407
     315
     351
     323
     337
     388
     343
     362
     355
     367
     359
     335
     314
     312
     333
     326
     316
     331
     332
     329
     327
     341
     292
     338
     335
     329
     310
     329
     298
     312
     309
     318
     314
     325
     318
     298
     317
     315
     317
     319
     326
     310
     303
     291
     327
     291
     329
     278
     318
     276
     292
     317
     319
     291
     310
     310
     309
     338
     315
     316
     327
     312
     309
     319
     314
     290
     299
     297
     301
     301
     285
     335
     290
     295
     282
     316
     273
     323
     309
     303
     313
     306
     297
     332
     300
     293
     277
     271
     315
     306
     303
     263
     282
     274
     247
     307
     278
     286
     282
     272
     266
     294
     292
     269
     284
     288
     311
     254
     291
     292
     268
     241
     281
     278
     263
     299
     238
     263
     299
     270
     258
     278
     271
     247
     260
     263
     279
     284
     262
     276
     282
     264
     277
     242
     253
     270
     248
     270
     226
     285
     253
     270
     285
     262
     254
     227
     265
     269
     280
     231
     249
     240
     252
     271
     243
     236
     243
     246
     251
     261
     222
     272
     247
     229
     282
     256
     241
     265
     236
     245
     234
     226
     260
     220
     262
     250
     266
     262
     249
     247
     261
     264
     268
     257
     221
     253
     270
     238
     266
     248
     264
     225
     230
     241
     216
     239
     248
     238
     237
     266
     250
     235
     256
     212
     225
     228
     254
     242
     225
     281
     235
     242
     238
     236
     264
     228
     236
     266
     240
     229
     196
     245
     227
     246
     261
     229
     231
     229
     189
     239
     216
     241
     245
     252
     247
     222
     249
     221
     218
     240
     239
     246
     210
     223
     222
     227
     248
     238
     210
     267
     202
     243
     237
     230
     235
     241
     216
     229
     234
     230
     249
     225
     245
     202
     222
     222
     230
     236
     224
     221
     237
     231
     240
     224
     202
     250
     230
     240
     230
     232
     219
     233
     211
     227
     233
     259
     215
     215
     243
     187
     208
     240
     201
     213
     233
     233
     234
     201
     242
     217
     221
     248
     239
     221
     251
     219
     193
     234
     231
     205
     235
     232
     231
     253
     232
     255
     209
     208
     228
     204
     259
     260
     245
     196
     216
     227
     217
     227
     225
     235
     235
     221
     224
     231
     226
     222
     203
     228
     236
     218
     214
     218
     251
     225
     208
     220
     233
     216
     223
     234
     235
     222
     231
     215
     246
     210
     223
     231
     210
     204
     203
     247
     218
     230
     220
     231
     213
     219
     254
     231
     230
     215
     230
     243
     215
     255
     236
     243
     232
     229
     263
     226
     231
     230
     202
     204
     212
     239
     249
     235
     235
     248
     228
     240
     235
     243
     195
     207
     201
     204
     238
     221
     235
     242
     242
     192
     213
     216
     228
     217
     229
     210
     213
     204
     251
     217
     224
     212
     215
     220
     225
     216
     224
     195
     238
     200
     198
     215
     222
     217
     217
     212
     242
     214
     196
     222
     214
     228
     229
     227
     183
     212
     221
     213
     234
     226
     196
     232
     215
     205
     229
     213
     219
     196
     219
     222
     206
     218
     226
     213
     225
     204
     214
     225
     225
     222
     196
     227
     237
     222
     220
     206
     210
     241
     212
     219
     253
     203
     209
     227
     213
     245
     215
     224
     204
     227
     236
     222
     215
     216
     199
     232
     237
     228
     240
     201
     203
     245
     230
     205
     226
     226
     206
     225
     191
     203
     247
     195
     218
     189
     218
     236
     218
     220
     220
     214
     233
     222
     225
     207
     238
     215
     241
     188
     228
     255
     218
     239
     207
     229
     227
     239
     247
     242
     217
     222
     244
     208
     215
     228
     205
     237
     202
     208
     227
     235
     232
     225
     215
     214
     221
     210
     233
     223
     240
     215
     207
     215
     225
     229
     228
     224
     223
     219
     232
     236
     223
     225
     215
     278
     220
     221
     230
     204
     240
     233
     212
     237
     241
     209
     221
     223
     231
     263
     219
     196
     211
     202
     235
     200
     234
     227
     226
     212
     220
     213
     223
     214
     227
     232
     218
     230
     197
     198
     206
     199
     212
     188
     227
     225
     221
     230
     201
     241
     211
     200
     215
     227
     221
     207
     221
     198
     194
     221
     190
     205
     182
     193
     237
     216
     212
     190
     209
     204
     192
     172
     186
     198
     189
     191
     190
     192
     179
     190
     203
     209
     156
     193
     186
     195
     182
     183
     184
     176
     188
     186
     172
     167
     158
     187
     180
     161
     181
     185
     143
     162
     157
     156
     200
     175
     158
     172
     155
     143
     162
     145
     149
     145
     143
     149
     149
     148
     158
     156
     136
     154
     127
     127
     138
     124
     149
     121
     150
     140
     115
     136
     116
     139
     133
     140
     150
     142
     129
     116
     132
     116
     123
     127
     113
     105
     111
     121
     122
     117
     133
     120
     104
      98
     118
     114
     103
     114
      90
     100
     118
      90
     113
     121
     110
     109
      91
     122
      85
     111
     114
     107
      89
     106
      85
     116
     102
     106
      94
     115
      94
     104
      99
      97
     102
     107
     110
     106
     109
      93
     100
     107
      87
      89
      97
     110
      92
      98
      97
      95
     120
      93
      88
      98
      94
      93
     101
      99
     106
      93
      93
      72
      88
      93
      79
      85
      84
      83
     102
      95
      78
      98
      87
      81
      99
      90
      81
      91
      94
      84
      94
      69
     103
      79
      87
      70
      92
      77
      91
      76
      68
      74
      84
      77
      78
      77
      94
      75
      80
      80
      89
      83
      69
      87
      79
      87
      93
      85
      64
      85
      73
      84
      62
      73
      68
      77
      90
      65
      67
      81
      76
      72
      77
      71
      84
      83
      74
      76
      60
      91
      66
      85
      74
      59
      76
      67
      94
      71
      55
      58
      77
      74
      80
      70
      77
      64
      73
      67
      61
      85
      58
      76
      60
      65
      65
      60
      78
      66
      87
      65
      73
      61
      75
      78
      74
      76
      70
      86
      73
      62
      68
      62
      74
      62
      66
      68
      74
      61
      69
      72
      66
      61
      67
      63
      78
      56
      70
      71
      75
      56
      79
      63
      70
      67
      71
      66
      73
      50
      77
      66
      60
      59
      64
      72
      63
      76
      72
      61
      88
      62
      78
      58
      62
      73
      79
      60
      74
      78
      74
      71
      73
      85
      65
      71
      61
      69
      77
      68
      70
      66
      74
      64
      65
      71
      66
      54
      68
      68
      85
      73
      64
      58
      57
      58
      61
      64
      84
      74
      74
      80
      73
      67
      80
      76
      79
      62
      78
      90
      66
      74
      86
      75
      80
      63
      77
      70
      67
      84
      70
      68
      78
      77
      58
      84
      80
      66
      84
      83
      81
      74
      82
      63
      67
      96
      79
      77
      87
      62
      70
      63
      89
      73
      89
      70
      81
      83
      83
      97
      85
      95
      82
      91
      85
      80
     100
      82
      89
      94
      80
      80
      80
      97
      90
      84
      93
     106
     107
     100
      99
      89
      94
     119
      87
     118
     104
      99
      96
     112
      96
     119
     109
     105
     118
     125
     111
     127
     119
     124
     127
     148
     126
     133
     139
     145
     144
     143
     158
     171
     139
     159
     158
     160
     192
     166
     174
     167
     186
     184
     177
     164
     186
     217
     229
     210
     212
     204
     252
     241
     242
     244
     245
     274
     258
     257
     296
     264
     248
     262
     258
     296
     248
     321
     306
     341
     372
     337
     354
     365
     340
     368
     360
     387
     329
     399
     381
     441
     408
     437
     445
     400
     422
     452
     475
     530
     485
     506
     515
     506
     514
     541
     525
     557
     571
     595
     522
     614
     599
     617
     670
     653
     658
     682
     669
     686
     692
     722
     728
     713
     777
     771
     756
     752
     733
     810
     782
     780
     818
     791
     801
     835
     859
     824
     847
     860
     903
     945
     894
     941
     937
     953
     963
    1006
     957
     957
     982
    1016
    1045
    1015
    1113
    1011
    1062
    1027
    1039
    1005
    1009
    1080
    1061
    1076
    1080
    1149
    1007
    1115
    1145
    1137
    1105
    1113
    1162
    1129
    1135
    1095
    1096
    1155
    1093
    1150
    1143
    1090
    1143
    1077
    1068
    1104
    1122
    1089
    1118
    1057
    1068
    1060
    1100
    1049
    1077
    1073
    1089
    1063
    1024
    1022
    1011
    1054
    1057
     974
    1037
     962
     999
     980
     983
     979
     892
     938
     922
     917
     869
     907
     893
     832
     818
     809
     784
     796
     753
     796
     782
     759
     775
     752
     776
     738
     680
     709
     646
     707
     656
     624
     605
     604
     583
     587
     597
     544
     509
     583
     535
     534
     492
     478
     442
     441
     419
     388
     414
     448
     393
     385
     358
     401
     347
     368
     339
     350
     311
     314
     300
     310
     264
     285
     268
     265
     240
     221
     264
     251
     256
     224
     211
     193
     165
     176
     217
     216
     187
     174
     168
     144
     161
     135
     147
     135
     138
     122
     110
     108
     112
     120
      98
      98
      82
     100
      81
      87
      69
      89
      68
      63
      61
      57
      59
      50
      52
      46
      45
      66
      44
      52
      47
      37
      42
      40
      34
      30
      30
      32
      22
      30
      39
      27
      21
      22
      27
      21
      27
      30
      17
      15
      12
      22
      15
      20
      19
      13
      18
      19
       3
      15
      17
      13
      22
      12
      17
      19
       8
       9
      14
      10
      11
      14
      11
       7
      10
      11
       7
       9
      11
      11
       7
      14
       6
       5
       9
       5
       9
       8
       8
       6
       6
       4
       7
      10
       8
       9
      16
       7
       6
      11
      16
       9
       5
       4
       6
      13
       9
       9
      15
       9
       7
      11
      18
       6
       5
      13
       9
      10
       8
      10
       7
       9
      11
       5
       0
       0
       0
       0
       0
       0
       0
       0
       0
       0
       0
       0
       0
       0
       0
       0
       0
       0
       0
       0
       0
       0
       0
       0
       0
       0
       0
       0
       0
       0
       0
       0
$ROI:
0
$PRESETS:
None
0
0
$ENER_FIT:
0.000000 0.421939
$MCA_CAL:
3
0.000000E+000 4.219387E-001 0.000000E+000 keV
$SHAPE_CAL:
3
0.000000E+000 0.000000E+000 0.000000E+000
