$SPEC_ID:
Scatter
$SPEC_REM:
DET# 2
DETDESC# JLAB-11 MCB 133
AP# Maestro Version 7.01
$DATE_MEA:
03/11/2025 15:10:04
$MEAS_TIM:
557 564
$DATA:
0 2047
       0
       0
       0
       0
       0
       0
       0
       0
       0
       0
       0
       0
       0
       0
       0
       0
       0
       0
       0
       0
       0
       0
       0
       0
       0
       0
       0
       0
       0
       0
       0
       0
       0
       0
       0
       0
       0
       0
       0
       0
       0
       0
       0
       0
       0
       0
       0
       0
       0
       0
       0
       0
       0
       0
       0
       0
       0
       0
       0
       0
       0
       0
       0
       0
       0
       0
       0
       0
       0
       0
       0
       0
       0
       0
       0
       0
       1
      17
     211
     218
     217
     214
     204
     229
     198
     195
     183
     186
     208
     226
     207
     193
     203
     212
     202
     192
     200
     214
     234
     217
     210
     212
     208
     223
     232
     170
     230
     196
     179
     213
     207
     209
     177
     196
     244
     221
     224
     220
     214
     215
     213
     213
     206
     229
     202
     220
     231
     229
     203
     218
     220
     210
     238
     227
     196
     229
     227
     230
     205
     200
     238
     248
     212
     213
     241
     232
     214
     212
     228
     206
     259
     243
     238
     247
     222
     243
     245
     264
     246
     233
     243
     218
     257
     223
     253
     252
     278
     253
     231
     249
     242
     253
     272
     253
     263
     273
     273
     282
     266
     275
     266
     259
     276
     288
     288
     248
     297
     262
     282
     272
     305
     301
     279
     313
     292
     272
     299
     301
     280
     302
     318
     302
     305
     312
     301
     297
     342
     349
     307
     302
     307
     350
     327
     326
     288
     324
     341
     301
     342
     348
     356
     323
     351
     358
     368
     360
     333
     378
     338
     332
     349
     361
     385
     335
     357
     339
     338
     322
     358
     388
     358
     332
     372
     326
     332
     337
     364
     346
     382
     349
     358
     366
     348
     338
     386
     397
     329
     366
     374
     391
     347
     418
     353
     331
     387
     376
     366
     322
     392
     380
     360
     364
     359
     424
     360
     402
     363
     372
     362
     369
     367
     323
     345
     373
     366
     370
     397
     361
     382
     368
     374
     359
     345
     379
     344
     375
     387
     358
     416
     381
     373
     394
     370
     370
     371
     402
     364
     356
     342
     373
     385
     376
     402
     391
     355
     340
     335
     368
     362
     401
     371
     375
     384
     390
     366
     380
     387
     339
     392
     411
     325
     352
     357
     391
     365
     359
     389
     381
     360
     398
     399
     398
     396
     421
     385
     391
     398
     404
     394
     393
     376
     380
     364
     347
     407
     394
     403
     387
     378
     362
     382
     334
     427
     399
     380
     417
     413
     358
     413
     392
     386
     409
     401
     379
     369
     365
     380
     370
     381
     346
     399
     398
     375
     367
     366
     357
     390
     379
     377
     358
     383
     364
     395
     388
     361
     370
     392
     360
     372
     391
     370
     368
     389
     366
     384
     364
     336
     352
     339
     395
     408
     350
     347
     386
     378
     369
     326
     345
     344
     396
     376
     363
     380
     355
     351
     373
     368
     385
     349
     390
     361
     354
     353
     343
     364
     376
     389
     381
     354
     391
     342
     355
     358
     387
     375
     385
     363
     336
     348
     344
     348
     367
     372
     409
     358
     371
     358
     378
     346
     365
     356
     373
     367
     358
     374
     330
     347
     370
     384
     365
     408
     348
     380
     370
     331
     380
     370
     362
     379
     372
     354
     362
     368
     327
     357
     418
     366
     354
     381
     352
     366
     362
     359
     413
     356
     356
     360
     351
     368
     387
     369
     409
     401
     385
     404
     381
     384
     388
     383
     368
     375
     356
     405
     361
     423
     392
     410
     390
     384
     329
     337
     404
     403
     363
     383
     401
     436
     382
     414
     363
     408
     369
     403
     381
     353
     417
     386
     345
     396
     369
     385
     403
     410
     380
     380
     422
     368
     419
     401
     403
     354
     334
     392
     379
     380
     381
     397
     382
     367
     392
     351
     390
     384
     385
     383
     379
     415
     367
     386
     336
     390
     413
     371
     385
     393
     351
     389
     371
     370
     366
     368
     392
     370
     337
     381
     362
     350
     379
     348
     339
     355
     329
     343
     361
     370
     347
     401
     370
     363
     332
     327
     351
     345
     356
     334
     343
     303
     355
     338
     324
     361
     323
     368
     342
     348
     332
     319
     317
     308
     332
     359
     324
     328
     288
     323
     348
     331
     314
     308
     313
     348
     313
     304
     330
     344
     291
     276
     366
     315
     369
     291
     335
     306
     310
     290
     324
     287
     311
     326
     301
     305
     291
     338
     322
     319
     323
     307
     313
     337
     290
     303
     296
     339
     307
     311
     304
     325
     320
     315
     307
     289
     336
     305
     313
     305
     292
     306
     317
     319
     305
     283
     326
     281
     271
     291
     291
     309
     277
     291
     288
     279
     291
     304
     279
     285
     275
     246
     285
     308
     245
     257
     296
     290
     295
     267
     290
     263
     294
     266
     325
     304
     270
     272
     275
     271
     269
     252
     249
     270
     284
     285
     268
     274
     296
     288
     293
     289
     281
     269
     263
     244
     259
     267
     280
     247
     274
     266
     252
     274
     251
     270
     255
     284
     248
     255
     242
     255
     225
     257
     256
     260
     254
     266
     282
     245
     250
     264
     253
     253
     283
     285
     245
     244
     249
     254
     263
     241
     269
     253
     250
     258
     258
     253
     258
     253
     274
     238
     258
     250
     254
     261
     262
     259
     247
     255
     268
     238
     260
     227
     218
     247
     267
     242
     245
     259
     251
     232
     259
     252
     218
     259
     264
     253
     232
     245
     253
     274
     222
     270
     239
     251
     231
     223
     230
     268
     226
     214
     280
     227
     247
     264
     275
     223
     224
     228
     245
     252
     227
     249
     255
     217
     241
     233
     247
     258
     256
     242
     277
     245
     253
     215
     238
     256
     247
     244
     240
     230
     244
     236
     236
     264
     260
     255
     257
     230
     260
     242
     250
     241
     235
     245
     262
     239
     266
     229
     262
     226
     223
     206
     251
     230
     212
     235
     217
     238
     225
     230
     252
     229
     242
     268
     234
     240
     223
     245
     237
     235
     253
     222
     240
     225
     219
     227
     238
     263
     207
     241
     242
     233
     239
     201
     217
     243
     237
     219
     248
     227
     228
     230
     250
     205
     257
     227
     260
     220
     219
     222
     228
     252
     234
     230
     241
     224
     224
     242
     229
     232
     209
     247
     231
     259
     248
     215
     213
     216
     231
     245
     230
     241
     225
     235
     248
     215
     221
     240
     215
     242
     218
     236
     233
     210
     252
     242
     234
     263
     225
     238
     218
     222
     232
     216
     234
     237
     217
     231
     225
     214
     242
     225
     267
     255
     261
     214
     255
     223
     248
     220
     239
     254
     200
     207
     244
     211
     226
     211
     244
     223
     215
     201
     215
     234
     217
     222
     243
     231
     220
     220
     222
     234
     222
     220
     236
     206
     222
     244
     234
     247
     224
     219
     219
     241
     201
     253
     224
     193
     204
     242
     219
     211
     220
     221
     237
     255
     197
     197
     230
     233
     235
     217
     251
     221
     208
     235
     251
     236
     245
     223
     195
     219
     219
     225
     225
     249
     230
     259
     228
     250
     226
     227
     240
     220
     224
     232
     216
     237
     225
     230
     240
     249
     227
     227
     233
     231
     213
     234
     231
     242
     232
     201
     219
     210
     243
     223
     222
     229
     239
     220
     215
     211
     214
     231
     237
     224
     210
     213
     205
     230
     202
     233
     223
     220
     231
     240
     225
     236
     241
     234
     237
     222
     210
     227
     202
     265
     245
     228
     243
     230
     217
     255
     253
     225
     246
     229
     223
     239
     227
     217
     222
     267
     219
     255
     227
     228
     253
     226
     233
     239
     234
     223
     211
     269
     224
     232
     249
     232
     242
     237
     227
     233
     210
     234
     246
     234
     226
     243
     228
     243
     219
     203
     234
     253
     229
     253
     250
     232
     237
     216
     250
     244
     214
     240
     247
     238
     247
     236
     256
     223
     233
     219
     223
     213
     220
     226
     223
     229
     206
     210
     227
     237
     225
     223
     241
     241
     226
     242
     231
     207
     250
     240
     216
     261
     208
     208
     224
     208
     233
     205
     202
     212
     197
     219
     222
     232
     230
     218
     242
     206
     215
     202
     237
     191
     218
     220
     249
     214
     211
     212
     208
     224
     201
     207
     213
     218
     202
     218
     196
     198
     201
     201
     201
     181
     211
     223
     190
     200
     197
     189
     175
     223
     207
     195
     170
     211
     179
     171
     182
     159
     181
     161
     184
     162
     167
     161
     184
     195
     173
     195
     178
     145
     168
     168
     183
     162
     170
     167
     159
     156
     161
     168
     178
     165
     153
     153
     156
     136
     153
     151
     133
     135
     153
     149
     151
     127
     122
     132
     144
     135
     135
     140
     127
     144
     133
     137
     123
     124
     136
     123
     131
     131
     128
     115
     116
     104
     124
     122
     122
     135
     117
     127
     119
     110
     100
     120
      90
     111
     138
     118
     137
     108
     115
      93
     108
      99
     118
     124
     120
     114
      95
     101
     116
     124
     114
     126
     111
      96
     101
      88
      96
     102
      92
      98
     104
     102
      99
      87
      91
     109
     114
      97
      92
     110
      95
     106
      83
     109
      91
      89
      93
      92
     100
     103
     119
     118
     110
      88
      77
      81
      91
      78
     115
      81
      80
      91
     110
      93
      99
      85
      94
      92
      84
      91
      95
      91
      90
      92
      90
     110
      93
      87
      76
      82
      87
      89
      80
      85
      86
      81
      69
      65
      94
      97
      80
      80
      82
      89
      87
      93
      79
      96
      84
      75
      79
      92
      82
      85
      79
      65
      74
      67
      76
      87
      69
      83
      66
      80
      75
      70
      84
      87
      87
      81
      80
      79
      71
      82
      74
      84
      82
      70
      88
      69
      72
      94
      58
      70
      77
      70
      79
      70
      76
      59
      66
      92
      90
      79
      68
      59
      60
      80
      83
      49
      71
      52
      77
      69
      75
      62
      59
      84
      57
      71
      76
      56
      80
      50
      74
      71
      79
      80
      75
      81
      62
      69
      75
      67
      65
      61
      72
      67
      50
      77
      74
      75
      67
      76
      62
      62
      61
      79
      57
      69
      81
      85
      72
      85
      64
      70
      81
      78
      78
      72
      68
      58
      75
      75
      77
      81
      71
      66
      73
      84
      77
      80
      78
      67
      58
      75
      71
      71
      59
      93
      63
      82
      60
      68
      66
      63
      66
      69
      55
      70
      75
      58
      76
      65
      72
      60
      72
      75
      75
      74
      78
      64
      84
      71
      70
      81
      65
      65
      75
      68
      87
      81
      86
      69
      83
      69
      75
      89
      80
      81
      66
      65
      67
      71
      81
      63
      77
      76
     101
      74
      81
      92
      76
      73
      79
      77
      93
      79
      81
      81
      90
      81
      81
      78
      99
      77
      93
      85
      87
      86
      92
      93
     115
      83
      94
      88
      93
      72
     105
     104
      84
      85
      97
      94
     110
      99
      95
     100
      96
     107
     109
     103
     115
     109
      92
     103
     109
     105
     126
     119
     115
     117
     116
     129
     117
     133
     120
     125
     126
     119
     122
     138
     145
     131
     142
     136
     141
     143
     168
     157
     163
     164
     170
     167
     167
     171
     160
     186
     191
     206
     192
     210
     198
     179
     240
     224
     223
     224
     230
     245
     243
     259
     248
     245
     259
     302
     287
     293
     296
     299
     294
     299
     342
     308
     328
     350
     322
     370
     418
     393
     352
     410
     421
     387
     410
     438
     449
     423
     470
     446
     494
     498
     465
     518
     489
     494
     543
     534
     544
     528
     571
     584
     579
     570
     600
     613
     615
     631
     604
     652
     638
     688
     707
     743
     712
     760
     759
     730
     747
     740
     775
     839
     796
     798
     845
     854
     900
     904
     893
     879
     908
     852
     879
     892
     928
     939
     994
     947
     961
     996
     967
     986
    1021
     976
    1006
     978
     995
    1038
    1035
    1025
    1027
    1011
    1079
    1127
    1064
    1097
    1160
    1075
    1090
    1106
    1094
    1160
    1161
    1146
    1142
    1182
    1162
    1156
    1184
    1108
    1159
    1137
    1138
    1103
    1210
    1065
    1189
    1129
    1222
    1164
    1165
    1161
    1147
    1164
    1115
    1149
    1131
    1106
    1107
    1190
    1087
    1152
    1052
    1105
    1015
    1153
    1081
    1071
     976
    1018
    1016
     971
    1021
     966
     998
     918
     939
     934
     957
     963
     901
     891
     899
     917
     839
     862
     803
     777
     764
     791
     791
     805
     764
     750
     755
     761
     734
     687
     678
     639
     659
     630
     619
     641
     656
     587
     602
     592
     565
     555
     540
     496
     467
     457
     477
     496
     484
     444
     414
     439
     423
     387
     369
     369
     366
     358
     316
     313
     350
     304
     307
     285
     269
     270
     265
     268
     265
     269
     238
     235
     249
     212
     204
     208
     197
     201
     175
     161
     188
     163
     169
     139
     138
     131
     149
     139
     119
     121
     121
      97
     122
      96
      94
     103
      86
      86
      78
      79
      71
      83
      64
      74
      56
      63
      59
      58
      47
      47
      50
      56
      30
      42
      45
      39
      35
      38
      37
      44
      32
      29
      32
      38
      34
      23
      24
      26
      23
      24
      14
      22
      18
      24
      23
      23
      14
      24
      21
      22
      13
      14
      19
      17
      17
      14
      13
      16
      18
       9
       8
       6
      14
       9
      11
      12
      12
       9
      11
      10
      14
      13
       7
       9
       9
      10
      12
      14
       9
      13
      12
       4
       9
      11
       7
       8
      10
       8
       7
       7
       7
       6
      13
       6
      12
       4
      12
       7
      10
      10
       8
      10
       6
      10
       9
       7
       6
      10
      10
       3
       9
       3
      12
       4
       6
      10
      12
       0
       0
       0
       0
       0
       0
       0
       0
       0
       0
       0
       0
       0
       0
       0
       0
       0
       0
       0
       0
       0
       0
       0
       0
       0
       0
       0
       0
       0
       0
       0
       0
$ROI:
0
$PRESETS:
None
0
0
$ENER_FIT:
0.000000 0.421939
$MCA_CAL:
3
0.000000E+000 4.219387E-001 0.000000E+000 keV
$SHAPE_CAL:
3
0.000000E+000 0.000000E+000 0.000000E+000
