$SPEC_ID:
Scatter
$SPEC_REM:
DET# 2
DETDESC# JLAB-11 MCB 133
AP# Maestro Version 7.01
$DATE_MEA:
03/11/2025 15:10:04
$MEAS_TIM:
359 365
$DATA:
0 2047
       0
       0
       0
       0
       0
       0
       0
       0
       0
       0
       0
       0
       0
       0
       0
       0
       0
       0
       0
       0
       0
       0
       0
       0
       0
       0
       0
       0
       0
       0
       0
       0
       0
       0
       0
       0
       0
       0
       0
       0
       0
       0
       0
       0
       0
       0
       0
       0
       0
       0
       0
       0
       0
       0
       0
       0
       0
       0
       0
       0
       0
       0
       0
       0
       0
       0
       0
       0
       0
       0
       0
       0
       0
       0
       0
       0
       0
      13
     155
     159
     174
     149
     178
     168
     182
     164
     168
     184
     174
     187
     187
     172
     171
     178
     174
     173
     190
     188
     201
     178
     183
     184
     147
     159
     214
     173
     191
     189
     204
     179
     179
     181
     189
     173
     167
     185
     200
     177
     156
     170
     188
     196
     171
     192
     184
     196
     177
     188
     188
     182
     183
     208
     190
     181
     191
     187
     180
     165
     185
     191
     217
     178
     171
     209
     166
     203
     199
     197
     206
     183
     206
     234
     183
     189
     208
     197
     228
     209
     202
     170
     185
     203
     224
     204
     207
     208
     179
     171
     211
     215
     199
     202
     209
     196
     209
     206
     217
     215
     232
     231
     232
     220
     233
     201
     229
     219
     240
     220
     210
     224
     205
     209
     238
     244
     217
     221
     239
     245
     241
     250
     242
     263
     256
     250
     242
     262
     243
     260
     243
     255
     229
     275
     257
     259
     237
     274
     287
     256
     265
     259
     283
     295
     295
     294
     269
     286
     243
     280
     293
     299
     265
     292
     272
     295
     277
     281
     293
     287
     279
     299
     271
     254
     302
     258
     260
     283
     282
     286
     281
     288
     305
     295
     270
     281
     310
     278
     315
     310
     264
     252
     247
     293
     286
     307
     307
     310
     286
     241
     307
     291
     279
     253
     281
     274
     254
     274
     258
     279
     269
     289
     250
     299
     299
     286
     277
     283
     279
     298
     272
     287
     259
     284
     285
     305
     282
     307
     283
     318
     262
     314
     298
     282
     278
     296
     291
     293
     263
     275
     283
     265
     311
     279
     283
     274
     286
     303
     268
     267
     271
     307
     286
     258
     278
     293
     302
     300
     334
     297
     300
     269
     294
     285
     289
     282
     287
     271
     279
     298
     289
     270
     316
     301
     289
     264
     302
     303
     290
     298
     267
     316
     304
     273
     280
     282
     290
     300
     288
     275
     321
     295
     301
     296
     323
     275
     268
     302
     287
     274
     297
     279
     275
     296
     285
     282
     298
     306
     295
     290
     293
     277
     296
     266
     267
     297
     290
     308
     265
     268
     308
     310
     281
     296
     279
     278
     298
     277
     302
     295
     261
     272
     269
     280
     302
     278
     285
     303
     270
     296
     281
     289
     260
     278
     293
     304
     282
     285
     255
     266
     296
     278
     290
     334
     282
     274
     272
     287
     261
     272
     318
     304
     292
     288
     271
     270
     285
     289
     293
     281
     297
     296
     324
     300
     267
     287
     266
     265
     272
     303
     258
     308
     287
     291
     283
     230
     278
     285
     311
     277
     283
     251
     265
     266
     286
     260
     281
     253
     273
     291
     255
     271
     297
     273
     306
     293
     280
     298
     279
     290
     299
     276
     248
     295
     272
     297
     305
     325
     277
     297
     283
     307
     280
     292
     302
     295
     265
     265
     296
     282
     279
     278
     303
     304
     287
     298
     334
     276
     294
     283
     323
     285
     315
     298
     321
     300
     317
     336
     333
     321
     298
     298
     320
     324
     298
     291
     302
     299
     259
     310
     335
     330
     331
     341
     322
     320
     306
     307
     296
     323
     332
     356
     343
     282
     295
     326
     295
     308
     327
     320
     333
     331
     313
     333
     353
     302
     311
     337
     301
     333
     294
     309
     325
     324
     299
     314
     310
     303
     310
     289
     323
     319
     309
     307
     326
     307
     336
     298
     280
     321
     299
     271
     330
     301
     322
     279
     293
     297
     312
     291
     283
     275
     294
     299
     277
     274
     282
     268
     259
     291
     278
     291
     283
     282
     289
     284
     278
     271
     273
     265
     326
     266
     273
     284
     253
     265
     269
     263
     263
     275
     269
     263
     268
     257
     266
     264
     301
     265
     259
     268
     263
     254
     268
     275
     277
     302
     266
     245
     274
     274
     257
     288
     257
     257
     304
     302
     291
     242
     262
     253
     248
     282
     247
     268
     278
     243
     252
     270
     257
     254
     211
     262
     257
     239
     258
     235
     228
     260
     249
     262
     235
     240
     225
     268
     231
     273
     230
     260
     234
     243
     258
     241
     232
     234
     245
     206
     223
     238
     222
     202
     228
     239
     228
     264
     281
     228
     260
     224
     219
     239
     245
     226
     238
     241
     245
     229
     234
     225
     229
     213
     226
     244
     231
     220
     214
     218
     255
     234
     221
     218
     234
     221
     251
     230
     241
     233
     224
     238
     208
     220
     221
     234
     185
     208
     182
     232
     235
     206
     209
     233
     224
     215
     226
     226
     220
     194
     193
     215
     232
     201
     206
     213
     209
     209
     202
     226
     186
     216
     231
     201
     178
     193
     197
     200
     217
     244
     231
     193
     205
     218
     207
     231
     208
     240
     218
     210
     218
     227
     217
     230
     179
     201
     226
     191
     197
     204
     201
     236
     210
     235
     211
     208
     200
     208
     198
     209
     200
     207
     216
     189
     214
     189
     200
     164
     222
     232
     219
     191
     239
     227
     201
     240
     187
     202
     228
     204
     205
     218
     191
     209
     197
     176
     210
     228
     224
     195
     189
     205
     210
     198
     209
     241
     198
     175
     201
     210
     188
     209
     190
     176
     217
     200
     196
     191
     196
     203
     209
     204
     222
     198
     202
     198
     189
     200
     190
     180
     202
     195
     198
     194
     208
     208
     208
     185
     211
     203
     225
     225
     198
     193
     193
     197
     194
     199
     216
     205
     207
     206
     204
     210
     188
     215
     185
     194
     196
     180
     198
     210
     172
     207
     197
     200
     205
     202
     191
     197
     209
     210
     194
     172
     184
     196
     210
     217
     229
     196
     205
     178
     174
     219
     206
     198
     186
     210
     203
     214
     176
     199
     215
     205
     218
     204
     205
     207
     185
     217
     206
     202
     185
     209
     192
     168
     169
     203
     208
     181
     208
     199
     202
     206
     209
     216
     195
     201
     204
     212
     195
     213
     207
     187
     212
     198
     192
     214
     190
     192
     179
     213
     202
     179
     197
     188
     195
     182
     209
     193
     175
     192
     220
     211
     195
     215
     205
     178
     217
     214
     173
     189
     177
     179
     169
     204
     197
     201
     212
     207
     205
     197
     203
     208
     187
     212
     194
     190
     205
     189
     199
     183
     187
     179
     187
     208
     195
     181
     198
     197
     181
     189
     207
     175
     203
     196
     201
     166
     212
     205
     191
     197
     197
     177
     200
     184
     191
     173
     206
     207
     189
     206
     181
     214
     182
     195
     201
     201
     192
     172
     186
     180
     191
     198
     213
     212
     226
     212
     192
     227
     178
     216
     202
     187
     190
     201
     193
     187
     218
     180
     208
     189
     200
     195
     200
     191
     202
     210
     204
     170
     189
     206
     193
     213
     206
     189
     196
     192
     202
     202
     203
     182
     204
     175
     223
     198
     182
     207
     210
     169
     190
     197
     212
     185
     191
     200
     205
     208
     188
     218
     202
     200
     207
     189
     215
     189
     192
     216
     206
     196
     218
     194
     192
     199
     208
     184
     224
     189
     196
     200
     181
     202
     172
     220
     191
     206
     189
     218
     192
     217
     188
     195
     182
     224
     197
     201
     206
     174
     206
     195
     182
     213
     220
     188
     206
     159
     203
     208
     205
     221
     214
     209
     203
     197
     209
     185
     188
     222
     203
     190
     220
     206
     204
     218
     209
     196
     208
     179
     183
     181
     207
     194
     201
     199
     227
     211
     206
     209
     191
     195
     216
     194
     190
     199
     195
     194
     205
     192
     225
     202
     213
     204
     210
     187
     186
     198
     179
     192
     179
     209
     188
     195
     201
     210
     202
     221
     216
     199
     197
     215
     207
     203
     179
     178
     198
     197
     184
     166
     164
     168
     164
     208
     180
     173
     189
     181
     166
     187
     180
     166
     195
     165
     188
     167
     175
     188
     164
     176
     164
     157
     177
     146
     168
     133
     170
     140
     173
     160
     128
     140
     169
     147
     175
     173
     138
     151
     146
     157
     157
     140
     141
     147
     159
     154
     136
     132
     141
     137
     154
     134
     140
     126
     129
     138
     138
     157
     131
     140
     150
     117
     127
     117
     125
      95
     133
     138
     120
     117
     129
     117
     119
     110
     111
      93
     114
     107
     128
     104
      94
     128
      91
     111
     105
     103
     115
     101
     112
     100
      92
     129
      98
      96
     126
     108
      94
      85
     108
      87
     101
      88
      93
     108
      93
      96
     102
      95
     116
     101
      96
      72
      82
      95
      85
      77
     105
      70
      89
     102
      82
      76
      82
     105
      77
      80
      77
     100
      92
     102
      90
      76
      89
      89
      88
      88
      84
      94
      76
      77
      83
      77
      74
      78
      95
      72
      94
      80
      82
      85
      93
      82
      64
      69
      67
      94
      86
      67
      97
      96
      79
      94
      87
      85
      76
      74
      85
      60
      78
      73
      71
      62
      68
      67
      72
      71
      61
      84
      59
      69
      74
      67
      68
      62
      59
      72
      70
      74
      69
      80
      77
      71
      54
      67
      78
      92
      62
      67
      74
      71
      68
      63
      76
      61
      76
      61
      55
      80
      63
      57
      76
      67
      75
      75
      69
      62
      79
      58
      72
      83
      59
      59
      59
      53
      55
      61
      60
      68
      65
      57
      59
      56
      67
      53
      75
      57
      58
      50
      80
      65
      67
      73
      60
      66
      73
      62
      48
      57
      62
      66
      54
      51
      61
      62
      46
      65
      66
      60
      53
      51
      56
      68
      60
      66
      66
      51
      63
      61
      71
      49
      54
      50
      60
      64
      67
      67
      76
      56
      48
      52
      71
      56
      48
      66
      65
      56
      57
      50
      51
      57
      63
      66
      65
      61
      53
      48
      60
      59
      59
      67
      56
      49
      59
      61
      48
      61
      51
      63
      62
      61
      63
      76
      60
      71
      72
      58
      64
      63
      47
      60
      74
      62
      66
      81
      65
      77
      58
      56
      67
      47
      60
      65
      73
      60
      70
      72
      57
      58
      65
      54
      66
      63
      49
      75
      67
      74
      64
      68
      66
      56
      76
      62
      64
      72
      64
      58
      62
      63
      57
      69
      54
      67
      59
      65
      62
      76
      62
      85
      63
      61
      75
      63
      58
      77
      69
      60
      73
      72
      66
      85
      70
      66
      70
      71
      70
      58
      70
      77
      52
      83
      80
      59
      90
      60
      78
      73
      73
      88
      82
      85
      68
      90
      63
      84
      99
      59
      91
      86
      87
      98
      81
      94
     101
      94
      91
      97
     104
     111
      98
      98
      99
     105
     101
     109
     114
     103
     108
     117
     100
     118
     140
     126
     143
     124
     128
     131
     115
     134
     135
     144
     139
     153
     158
     136
     153
     149
     166
     161
     148
     186
     190
     186
     187
     199
     198
     221
     176
     196
     214
     198
     230
     261
     225
     220
     249
     237
     242
     222
     276
     282
     284
     266
     280
     297
     298
     289
     302
     341
     346
     347
     334
     350
     331
     358
     385
     390
     354
     367
     399
     436
     404
     400
     428
     444
     419
     441
     465
     486
     471
     505
     507
     490
     515
     572
     552
     562
     598
     573
     613
     577
     618
     628
     631
     633
     640
     651
     625
     698
     731
     704
     709
     709
     742
     754
     748
     767
     744
     755
     796
     789
     757
     840
     824
     835
     796
     815
     843
     878
     877
     854
     882
     870
     958
     948
     958
     937
     948
     939
     971
     917
    1014
     909
     918
     973
     942
     996
    1021
    1028
     997
     987
     984
    1031
     955
     980
    1023
     979
    1076
    1058
    1032
    1020
    1046
     992
     994
    1068
     996
    1005
    1057
    1007
     995
    1039
    1026
    1008
     961
     985
     980
    1017
    1069
    1012
     977
     984
    1014
     975
     980
     956
     938
     960
     928
     926
     927
     894
     933
     889
     890
     868
     884
     835
     829
     867
     862
     771
     805
     806
     789
     793
     691
     739
     734
     740
     720
     707
     755
     691
     631
     642
     645
     631
     627
     603
     621
     608
     585
     509
     511
     504
     535
     500
     488
     474
     488
     486
     470
     419
     414
     422
     395
     417
     394
     374
     372
     370
     354
     352
     305
     314
     330
     300
     281
     263
     281
     302
     241
     269
     269
     248
     237
     236
     229
     238
     214
     205
     180
     184
     192
     180
     153
     144
     181
     140
     154
     130
     128
     131
     133
     123
     113
     105
      99
      99
     103
      94
      84
     101
      72
      80
      76
      62
      75
      71
      63
      71
      59
      44
      62
      49
      45
      51
      40
      50
      42
      31
      35
      38
      38
      26
      26
      30
      33
      32
      32
      30
      21
      22
      19
      14
      29
      19
      15
      21
      18
      20
      14
      16
      22
      16
       8
      11
      10
      17
      15
      14
      11
       7
       5
      12
      11
      12
      10
       6
       9
      14
       6
      12
       5
       6
      12
      11
      11
       9
       9
       6
       5
       9
       7
       4
      14
       7
       7
       5
      12
       5
       8
       6
       8
      10
      11
       6
       4
       8
      11
       6
       1
       9
       8
       7
       6
       9
       2
       6
       6
       5
       4
       8
       7
       7
      11
       7
       5
       3
       9
       8
       6
       8
       7
       4
       0
       0
       0
       0
       0
       0
       0
       0
       0
       0
       0
       0
       0
       0
       0
       0
       0
       0
       0
       0
       0
       0
       0
       0
       0
       0
       0
       0
       0
       0
       0
       0
$ROI:
0
$PRESETS:
None
0
0
$ENER_FIT:
0.000000 0.421939
$MCA_CAL:
3
0.000000E+000 4.219387E-001 0.000000E+000 keV
$SHAPE_CAL:
3
0.000000E+000 0.000000E+000 0.000000E+000
