$SPEC_ID:
Scatter
$SPEC_REM:
DET# 2
DETDESC# JLAB-11 MCB 133
AP# Maestro Version 7.01
$DATE_MEA:
03/11/2025 15:10:04
$MEAS_TIM:
563 569
$DATA:
0 2047
       0
       0
       0
       0
       0
       0
       0
       0
       0
       0
       0
       0
       0
       0
       0
       0
       0
       0
       0
       0
       0
       0
       0
       0
       0
       0
       0
       0
       0
       0
       0
       0
       0
       0
       0
       0
       0
       0
       0
       0
       0
       0
       0
       0
       0
       0
       0
       0
       0
       0
       0
       0
       0
       0
       0
       0
       0
       0
       0
       0
       0
       0
       0
       0
       0
       0
       0
       0
       0
       0
       0
       0
       0
       0
       0
       0
       0
      16
     179
     182
     203
     187
     190
     188
     184
     204
     194
     174
     216
     183
     197
     173
     183
     207
     188
     210
     183
     203
     178
     210
     180
     176
     199
     192
     195
     201
     180
     188
     194
     204
     190
     203
     167
     179
     178
     175
     220
     185
     180
     189
     203
     196
     171
     197
     174
     178
     188
     220
     193
     204
     223
     201
     201
     173
     205
     188
     229
     206
     223
     222
     222
     227
     193
     206
     191
     233
     199
     175
     229
     217
     223
     184
     214
     209
     220
     206
     213
     238
     202
     225
     232
     224
     236
     226
     221
     222
     216
     214
     237
     246
     198
     235
     265
     242
     238
     255
     247
     243
     238
     258
     235
     256
     267
     235
     247
     246
     276
     238
     265
     253
     267
     270
     294
     286
     262
     249
     272
     273
     260
     291
     303
     284
     264
     318
     279
     325
     267
     302
     288
     301
     287
     310
     288
     328
     354
     336
     299
     314
     355
     360
     324
     359
     340
     333
     317
     337
     333
     323
     315
     351
     327
     312
     352
     339
     358
     347
     359
     361
     354
     328
     344
     363
     329
     343
     341
     330
     341
     312
     368
     354
     324
     337
     343
     375
     326
     346
     360
     377
     326
     380
     314
     331
     351
     322
     320
     363
     385
     350
     329
     318
     346
     339
     327
     353
     382
     367
     338
     352
     349
     336
     349
     372
     347
     365
     305
     353
     314
     315
     321
     338
     359
     364
     340
     319
     350
     355
     332
     349
     362
     354
     346
     364
     385
     331
     376
     392
     369
     349
     340
     398
     354
     390
     332
     362
     362
     385
     329
     368
     377
     354
     330
     324
     378
     380
     370
     395
     333
     357
     353
     363
     352
     360
     352
     323
     366
     360
     316
     369
     386
     353
     323
     358
     388
     316
     356
     367
     354
     333
     372
     354
     380
     398
     407
     329
     355
     399
     351
     375
     361
     360
     384
     334
     345
     386
     363
     343
     338
     350
     390
     368
     381
     349
     360
     371
     330
     370
     349
     328
     374
     339
     346
     345
     377
     343
     335
     368
     336
     367
     353
     348
     322
     360
     336
     371
     369
     375
     351
     373
     374
     356
     391
     379
     392
     355
     358
     380
     360
     300
     362
     331
     371
     350
     366
     340
     335
     358
     350
     322
     361
     368
     361
     356
     353
     344
     325
     362
     324
     338
     338
     325
     293
     331
     356
     342
     340
     333
     334
     368
     346
     305
     367
     329
     334
     349
     366
     287
     365
     356
     314
     371
     355
     343
     370
     331
     344
     324
     347
     331
     327
     329
     359
     320
     317
     347
     337
     342
     358
     317
     323
     330
     345
     358
     344
     354
     349
     326
     334
     360
     339
     367
     335
     309
     361
     340
     328
     341
     357
     375
     348
     340
     310
     367
     346
     322
     353
     364
     359
     358
     367
     360
     360
     355
     370
     338
     364
     381
     344
     333
     380
     366
     344
     377
     341
     374
     334
     372
     406
     363
     334
     338
     362
     362
     348
     371
     369
     372
     382
     405
     369
     378
     394
     360
     418
     387
     371
     395
     358
     381
     365
     398
     399
     365
     379
     372
     380
     391
     383
     361
     387
     353
     386
     334
     345
     359
     359
     369
     345
     342
     363
     380
     326
     328
     363
     368
     350
     323
     334
     310
     358
     343
     342
     338
     310
     347
     331
     332
     360
     351
     369
     343
     372
     336
     348
     339
     351
     336
     355
     341
     309
     351
     304
     330
     360
     297
     312
     316
     345
     308
     305
     345
     324
     280
     325
     327
     310
     305
     315
     277
     326
     287
     310
     315
     288
     299
     313
     298
     340
     292
     311
     288
     287
     273
     310
     293
     275
     296
     304
     296
     304
     307
     289
     303
     296
     309
     288
     295
     298
     270
     293
     330
     291
     298
     272
     311
     282
     291
     301
     245
     285
     274
     291
     265
     324
     303
     305
     282
     263
     275
     283
     264
     288
     309
     299
     279
     244
     305
     300
     281
     279
     288
     281
     271
     276
     261
     253
     261
     257
     281
     258
     315
     260
     274
     280
     254
     275
     292
     250
     278
     261
     308
     301
     244
     248
     266
     253
     285
     268
     240
     243
     270
     244
     256
     256
     250
     259
     259
     267
     258
     248
     246
     252
     249
     277
     273
     266
     237
     258
     229
     244
     236
     271
     243
     246
     245
     269
     240
     268
     252
     247
     261
     233
     236
     225
     220
     272
     243
     227
     265
     223
     223
     245
     246
     246
     256
     247
     231
     274
     238
     241
     234
     214
     224
     231
     236
     255
     221
     230
     234
     207
     237
     238
     241
     231
     219
     237
     234
     207
     259
     210
     207
     224
     209
     211
     235
     220
     203
     245
     218
     210
     235
     228
     218
     209
     208
     248
     219
     240
     209
     221
     208
     248
     215
     229
     223
     212
     202
     213
     242
     211
     224
     210
     228
     224
     239
     232
     211
     229
     210
     214
     211
     201
     231
     217
     221
     213
     213
     233
     235
     220
     220
     240
     199
     192
     192
     208
     220
     202
     233
     199
     227
     240
     202
     210
     218
     209
     220
     224
     208
     218
     213
     200
     218
     222
     224
     242
     195
     211
     216
     227
     207
     233
     223
     228
     220
     219
     208
     223
     216
     231
     215
     194
     239
     205
     199
     220
     217
     208
     201
     229
     225
     203
     209
     233
     207
     217
     207
     195
     202
     216
     203
     210
     193
     196
     228
     227
     215
     168
     178
     226
     190
     189
     230
     189
     203
     202
     220
     199
     214
     220
     195
     224
     184
     232
     184
     214
     207
     246
     203
     202
     190
     229
     224
     172
     166
     196
     233
     192
     203
     206
     215
     195
     215
     190
     185
     225
     180
     215
     190
     223
     213
     198
     226
     247
     220
     214
     201
     210
     195
     227
     190
     185
     193
     207
     208
     199
     221
     220
     215
     225
     194
     209
     203
     198
     215
     190
     222
     215
     200
     226
     205
     184
     218
     216
     225
     217
     197
     223
     243
     194
     204
     214
     221
     185
     207
     211
     182
     197
     220
     236
     196
     172
     197
     219
     200
     206
     212
     211
     183
     222
     197
     196
     210
     208
     216
     199
     199
     196
     203
     222
     224
     189
     208
     230
     204
     177
     181
     209
     213
     178
     207
     198
     201
     209
     193
     183
     193
     193
     182
     200
     209
     197
     198
     180
     193
     212
     202
     218
     197
     166
     194
     214
     198
     193
     201
     196
     214
     200
     217
     223
     189
     183
     206
     179
     185
     176
     188
     186
     201
     185
     213
     186
     205
     195
     196
     179
     186
     220
     188
     197
     193
     191
     226
     192
     235
     212
     193
     188
     211
     209
     206
     185
     197
     197
     196
     196
     225
     203
     208
     189
     182
     199
     205
     180
     209
     219
     204
     192
     176
     185
     187
     175
     202
     183
     196
     205
     184
     203
     210
     187
     189
     205
     202
     196
     208
     220
     189
     199
     195
     187
     228
     210
     180
     201
     219
     188
     183
     219
     206
     202
     223
     204
     220
     194
     212
     181
     205
     198
     183
     216
     199
     189
     204
     198
     197
     206
     232
     207
     178
     186
     220
     216
     192
     200
     179
     211
     196
     198
     189
     182
     190
     227
     218
     212
     241
     187
     201
     220
     187
     206
     201
     214
     202
     215
     207
     212
     219
     178
     203
     206
     208
     212
     213
     199
     202
     221
     223
     212
     198
     199
     207
     195
     203
     236
     187
     186
     208
     190
     196
     188
     200
     193
     210
     191
     194
     202
     222
     195
     192
     231
     208
     194
     172
     182
     200
     201
     178
     174
     201
     199
     188
     198
     192
     200
     175
     170
     184
     170
     185
     193
     196
     167
     177
     173
     183
     186
     158
     166
     158
     200
     179
     158
     189
     169
     150
     180
     155
     188
     152
     169
     161
     144
     169
     160
     168
     149
     141
     155
     142
     154
     148
     167
     164
     152
     153
     142
     150
     163
     138
     137
     144
     139
     124
     150
     135
     119
     151
     143
     122
     123
     130
     160
     149
     127
     134
     129
     128
     122
     121
     105
     128
     132
     132
     137
     151
     121
     107
     104
     119
     121
     122
     116
     117
     119
      92
     119
     108
     128
     112
     117
     116
      97
     103
     124
     111
      82
     108
     106
      89
     102
      87
      93
     105
      89
      90
     103
      95
      93
      86
     103
     102
     106
      90
     100
     100
      95
      93
     101
      99
      96
      81
      84
      82
      83
      78
      86
      97
      84
     112
      88
      90
      81
      92
      95
      92
     103
      78
     106
      79
      89
      79
      77
     112
      87
     105
      90
      85
      86
      89
      92
      79
      60
      90
      79
      91
      89
      80
      85
      80
      93
      78
      72
      91
      91
      79
      95
      77
      89
      80
      78
      80
      85
      70
      80
      96
      85
      84
      79
      69
      80
      76
      61
      56
      86
      85
      90
      80
      83
      70
      69
      80
      74
      65
      83
      76
      74
      73
      79
      74
      65
      72
      79
      73
      67
      69
      86
      67
      77
      87
      71
      70
      80
      65
      69
      80
      57
      60
      73
      69
      70
      58
      69
      71
      66
      72
      71
      56
      72
      63
      71
      69
      71
      70
      53
      85
      63
      71
      75
      55
      58
      62
      67
      62
      72
      72
      65
      67
      61
      66
      65
      58
      89
      64
      65
      68
      58
      60
      70
      81
      72
      74
      73
      58
      68
      61
      64
      56
      72
      71
      64
      53
      59
      54
      69
      67
      62
      76
      52
      54
      56
      55
      57
      74
      60
      60
      56
      63
      59
      58
      72
      55
      57
      57
      65
      66
      65
      55
      66
      64
      65
      61
      65
      69
      62
      67
      78
      56
      62
      67
      52
      70
      68
      71
      59
      60
      61
      56
      48
      67
      71
      64
      67
      54
      80
      81
      65
      66
      60
      72
      68
      68
      71
      54
      87
      61
      65
      51
      63
      72
      70
      72
      60
      77
      71
      71
      78
      67
      66
      70
      74
      63
      70
      63
      68
      70
      68
      63
      62
      64
      60
      76
      66
      72
      56
      70
      83
      68
      72
      73
      57
      75
      72
      59
      60
      61
      58
      76
      80
      90
      65
      80
      74
      79
      78
      70
      72
      70
      74
      67
      81
      76
      74
      84
      70
      82
      71
      84
      83
      74
      78
      86
      72
      74
      74
      94
      87
      88
      95
      89
      87
      79
      77
     101
      86
      92
     100
      94
      90
     116
      99
     102
     107
      83
     109
     125
     114
     101
     115
     122
      95
     108
     118
     118
     152
     134
     106
     127
     125
     152
     136
     151
     143
     155
     140
     129
     162
     131
     165
     166
     171
     138
     190
     156
     198
     168
     178
     185
     212
     184
     160
     184
     178
     189
     230
     233
     254
     221
     224
     266
     217
     253
     248
     229
     274
     252
     268
     290
     283
     297
     310
     334
     324
     379
     329
     335
     348
     347
     355
     366
     373
     371
     377
     398
     417
     418
     429
     414
     408
     419
     444
     471
     438
     460
     496
     539
     488
     521
     549
     519
     547
     546
     578
     572
     585
     599
     635
     618
     624
     614
     600
     630
     631
     631
     684
     685
     677
     745
     726
     711
     738
     764
     738
     763
     785
     807
     780
     799
     822
     770
     777
     787
     814
     859
     857
     879
     870
     924
     864
     872
     882
     956
     925
     893
     946
     935
     972
     995
     915
     945
     946
     962
     919
     984
     969
     924
    1011
     980
     984
     997
     997
     999
     985
    1006
     990
     966
    1017
    1017
    1006
     959
    1009
     930
     983
    1011
     948
     972
     991
     959
     979
     937
     995
     905
     933
     900
     961
     915
     960
     905
     933
     907
     907
     921
     890
     815
     842
     927
     841
     830
     803
     789
     790
     836
     808
     785
     785
     751
     742
     738
     755
     731
     744
     673
     704
     678
     670
     682
     690
     660
     553
     602
     582
     591
     560
     566
     568
     510
     570
     502
     502
     480
     460
     438
     454
     426
     406
     433
     437
     411
     391
     362
     398
     377
     385
     321
     363
     352
     321
     320
     241
     329
     293
     306
     291
     267
     281
     235
     232
     255
     221
     247
     217
     191
     193
     212
     179
     154
     164
     159
     186
     150
     151
     147
     144
     143
     145
     149
     124
     114
      91
     110
     109
     109
      98
      78
      78
      93
      75
      86
      74
      67
      58
      73
      64
      56
      44
      56
      51
      54
      50
      50
      43
      42
      46
      48
      40
      37
      33
      31
      25
      39
      48
      29
      34
      30
      32
      31
      22
      30
      25
      15
      29
      22
      13
      13
      22
      13
      21
      20
      21
      16
      14
       9
      13
       8
      15
      10
      12
      11
       9
      12
      13
      13
       9
      10
      14
      11
      13
       8
      16
      10
      12
       6
      11
      11
       4
       7
      10
      15
      11
       9
      13
       8
      12
      13
       6
       9
       4
      12
      10
      12
      13
       8
       9
       9
       8
      10
      11
      16
       8
       8
      13
      12
       7
       6
      11
       7
      10
       5
      14
      12
      10
       5
       9
      10
       4
       4
      13
       3
       0
       0
       0
       0
       0
       0
       0
       0
       0
       0
       0
       0
       0
       0
       0
       0
       0
       0
       0
       0
       0
       0
       0
       0
       0
       0
       0
       0
       0
       0
       0
       0
$ROI:
0
$PRESETS:
None
0
0
$ENER_FIT:
0.000000 0.421939
$MCA_CAL:
3
0.000000E+000 4.219387E-001 0.000000E+000 keV
$SHAPE_CAL:
3
0.000000E+000 0.000000E+000 0.000000E+000
