$SPEC_ID:
Scatter
$SPEC_REM:
DET# 2
DETDESC# JLAB-11 MCB 133
AP# Maestro Version 7.01
$DATE_MEA:
03/11/2025 15:10:04
$MEAS_TIM:
341 375
$DATA:
0 2047
       0
       0
       0
       0
       0
       0
       0
       0
       0
       0
       0
       0
       0
       0
       0
       0
       0
       0
       0
       0
       0
       0
       0
       0
       0
       0
       0
       0
       0
       0
       0
       0
       0
       0
       0
       0
       0
       0
       0
       0
       0
       0
       0
       0
       0
       0
       0
       0
       0
       0
       0
       0
       0
       0
       0
       0
       0
       0
       0
       0
       0
       0
       0
       0
       0
       0
       0
       0
       0
       0
       0
       0
       0
       0
       0
       2
      12
     149
     908
     929
     972
    1016
    1020
     980
    1053
    1058
    1017
    1044
    1036
    1032
     986
     950
     996
     983
    1031
    1075
    1040
    1022
    1041
     982
    1013
    1027
     978
     956
     992
     969
     989
    1014
     924
     933
     993
     938
    1030
     949
    1042
     923
     980
     964
    1012
    1014
     957
     999
    1047
    1003
    1029
    1023
    1003
    1020
    1019
    1013
     955
     985
     994
     951
    1032
    1063
     952
    1029
    1005
    1020
    1043
     975
    1005
    1059
     987
    1058
    1030
     990
    1022
    1007
     975
    1032
     998
    1041
    1020
    1106
     968
    1014
    1020
    1002
     995
    1145
    1035
    1104
    1023
    1007
    1011
    1046
    1033
    1022
    1027
    1054
    1025
    1076
    1046
    1085
    1062
    1071
    1108
    1033
    1083
    1039
     991
    1127
    1082
    1089
    1047
    1090
    1104
    1071
    1127
    1076
    1049
    1090
    1064
    1092
    1058
    1127
    1108
    1119
    1116
    1127
    1050
    1096
    1165
    1080
    1083
    1206
    1111
    1185
    1108
    1138
    1168
    1110
    1178
    1166
    1191
    1156
    1234
    1189
    1104
    1176
    1241
    1143
    1217
    1195
    1219
    1200
    1185
    1174
    1233
    1172
    1198
    1231
    1153
    1189
    1236
    1191
    1214
    1232
    1245
    1212
    1222
    1266
    1203
    1242
    1265
    1171
    1193
    1176
    1237
    1213
    1151
    1217
    1236
    1238
    1237
    1202
    1278
    1196
    1148
    1227
    1214
    1212
    1178
    1207
    1250
    1230
    1250
    1214
    1207
    1200
    1254
    1209
    1227
    1260
    1233
    1249
    1239
    1281
    1258
    1208
    1171
    1288
    1266
    1198
    1298
    1261
    1329
    1275
    1313
    1313
    1308
    1273
    1324
    1297
    1293
    1276
    1283
    1294
    1333
    1260
    1266
    1352
    1265
    1327
    1317
    1300
    1284
    1324
    1288
    1244
    1305
    1282
    1368
    1334
    1337
    1312
    1388
    1349
    1384
    1372
    1344
    1314
    1328
    1389
    1338
    1388
    1395
    1361
    1414
    1331
    1349
    1396
    1335
    1371
    1440
    1381
    1429
    1357
    1422
    1387
    1440
    1391
    1443
    1484
    1408
    1438
    1407
    1431
    1323
    1400
    1434
    1490
    1447
    1424
    1404
    1414
    1481
    1418
    1439
    1461
    1412
    1482
    1402
    1460
    1395
    1476
    1472
    1502
    1472
    1440
    1443
    1365
    1486
    1489
    1467
    1417
    1474
    1463
    1401
    1477
    1455
    1465
    1457
    1467
    1400
    1464
    1495
    1464
    1434
    1468
    1526
    1520
    1445
    1407
    1445
    1498
    1465
    1494
    1534
    1447
    1437
    1447
    1496
    1425
    1493
    1435
    1462
    1478
    1517
    1443
    1464
    1460
    1518
    1398
    1508
    1440
    1528
    1457
    1449
    1493
    1531
    1489
    1509
    1489
    1476
    1499
    1489
    1443
    1490
    1518
    1493
    1527
    1530
    1508
    1497
    1441
    1412
    1560
    1497
    1502
    1486
    1623
    1524
    1453
    1533
    1542
    1523
    1479
    1521
    1630
    1531
    1581
    1538
    1517
    1604
    1562
    1608
    1674
    1668
    1613
    1593
    1673
    1587
    1668
    1592
    1725
    1619
    1662
    1724
    1720
    1640
    1735
    1743
    1772
    1776
    1786
    1771
    1799
    1857
    1800
    1828
    1832
    1767
    1894
    1909
    1817
    1890
    1926
    1879
    1909
    1928
    1801
    1959
    1849
    1934
    1856
    1806
    1958
    1935
    1897
    1938
    1858
    1880
    1922
    1780
    1927
    1970
    1894
    1892
    1916
    2048
    1903
    1866
    1892
    2024
    1921
    1865
    1908
    1803
    1930
    1834
    1896
    1838
    1844
    1927
    1874
    1883
    1903
    1844
    1814
    1818
    1797
    1763
    1800
    1727
    1810
    1758
    1813
    1742
    1780
    1812
    1786
    1777
    1805
    1752
    1719
    1804
    1823
    1726
    1746
    1739
    1758
    1692
    1723
    1718
    1698
    1662
    1627
    1734
    1630
    1635
    1681
    1708
    1718
    1708
    1765
    1655
    1688
    1690
    1645
    1679
    1640
    1631
    1725
    1616
    1675
    1660
    1632
    1714
    1661
    1683
    1655
    1647
    1648
    1711
    1700
    1609
    1662
    1706
    1681
    1610
    1632
    1580
    1717
    1612
    1682
    1620
    1582
    1645
    1679
    1579
    1582
    1661
    1602
    1608
    1650
    1652
    1621
    1640
    1702
    1665
    1546
    1623
    1654
    1582
    1693
    1632
    1636
    1656
    1595
    1614
    1626
    1609
    1613
    1590
    1593
    1615
    1654
    1606
    1580
    1619
    1616
    1659
    1619
    1605
    1617
    1500
    1579
    1611
    1538
    1532
    1482
    1547
    1615
    1559
    1612
    1504
    1607
    1619
    1548
    1558
    1603
    1620
    1498
    1596
    1575
    1524
    1560
    1518
    1450
    1428
    1516
    1529
    1459
    1548
    1456
    1556
    1529
    1533
    1542
    1437
    1432
    1483
    1452
    1558
    1489
    1503
    1485
    1540
    1480
    1500
    1570
    1552
    1442
    1405
    1476
    1486
    1442
    1478
    1478
    1499
    1457
    1432
    1456
    1452
    1360
    1426
    1485
    1354
    1440
    1473
    1498
    1432
    1380
    1392
    1405
    1403
    1473
    1445
    1372
    1453
    1442
    1400
    1418
    1391
    1450
    1438
    1388
    1397
    1332
    1421
    1453
    1393
    1386
    1385
    1390
    1401
    1365
    1337
    1350
    1374
    1456
    1405
    1436
    1351
    1412
    1373
    1336
    1370
    1423
    1406
    1369
    1349
    1354
    1360
    1469
    1385
    1401
    1290
    1385
    1380
    1316
    1337
    1387
    1337
    1361
    1267
    1306
    1301
    1328
    1275
    1348
    1376
    1355
    1334
    1347
    1375
    1392
    1344
    1367
    1346
    1302
    1322
    1280
    1363
    1329
    1260
    1338
    1286
    1298
    1291
    1320
    1256
    1344
    1326
    1346
    1336
    1298
    1348
    1277
    1382
    1327
    1337
    1305
    1316
    1354
    1301
    1293
    1266
    1300
    1336
    1288
    1326
    1317
    1298
    1278
    1273
    1314
    1291
    1318
    1266
    1326
    1286
    1312
    1250
    1312
    1261
    1365
    1267
    1298
    1238
    1279
    1307
    1380
    1306
    1316
    1270
    1234
    1263
    1283
    1186
    1299
    1283
    1232
    1286
    1274
    1290
    1257
    1286
    1247
    1247
    1290
    1254
    1278
    1295
    1203
    1244
    1253
    1238
    1238
    1231
    1282
    1176
    1244
    1266
    1266
    1207
    1195
    1227
    1191
    1211
    1259
    1161
    1207
    1199
    1179
    1143
    1165
    1150
    1189
    1146
    1185
    1161
    1139
    1127
    1147
    1141
    1152
    1113
    1212
    1137
    1164
    1119
    1113
    1158
    1103
    1091
    1079
    1086
    1111
    1112
    1034
    1089
    1086
    1107
    1057
    1070
    1055
    1091
    1089
    1030
    1043
     965
    1004
    1026
    1025
     981
     987
     997
    1006
     999
    1000
     952
     955
     941
     942
     919
     921
     946
     912
     885
     906
     870
     938
     902
     879
     892
     892
     850
     880
     888
     847
     802
     809
     884
     862
     833
     876
     791
     809
     834
     810
     783
     815
     806
     808
     804
     800
     760
     778
     749
     756
     787
     826
     740
     749
     742
     716
     723
     710
     699
     723
     754
     743
     787
     747
     761
     709
     727
     700
     703
     681
     746
     700
     701
     675
     672
     731
     678
     627
     688
     695
     740
     686
     678
     656
     685
     652
     683
     675
     645
     677
     663
     632
     628
     667
     649
     644
     628
     650
     642
     618
     610
     641
     618
     609
     678
     651
     613
     652
     646
     598
     602
     601
     634
     640
     602
     646
     602
     591
     615
     596
     622
     583
     552
     627
     620
     592
     619
     545
     595
     580
     589
     622
     566
     587
     591
     595
     542
     575
     574
     618
     533
     562
     642
     538
     589
     562
     538
     591
     555
     556
     573
     527
     545
     547
     554
     547
     525
     550
     560
     521
     547
     568
     544
     510
     531
     563
     570
     554
     580
     545
     525
     598
     516
     549
     530
     533
     497
     505
     555
     563
     530
     522
     560
     521
     522
     544
     521
     543
     499
     526
     490
     500
     531
     530
     523
     506
     487
     488
     518
     469
     517
     533
     474
     511
     533
     508
     497
     572
     530
     504
     531
     502
     516
     515
     501
     509
     458
     490
     524
     500
     530
     525
     494
     515
     539
     477
     529
     538
     533
     532
     539
     473
     537
     555
     503
     483
     519
     546
     502
     482
     491
     557
     490
     495
     502
     509
     515
     501
     517
     511
     486
     544
     503
     539
     484
     481
     547
     498
     539
     527
     521
     508
     542
     476
     532
     516
     507
     521
     502
     516
     499
     506
     497
     528
     559
     490
     516
     508
     524
     482
     490
     507
     481
     507
     490
     491
     493
     530
     509
     472
     492
     517
     508
     541
     534
     495
     554
     509
     477
     531
     540
     540
     510
     483
     497
     519
     537
     502
     540
     485
     519
     511
     489
     538
     524
     482
     526
     506
     559
     555
     515
     574
     532
     524
     560
     532
     588
     555
     581
     567
     538
     537
     525
     592
     564
     556
     525
     571
     546
     577
     582
     558
     593
     618
     588
     637
     593
     591
     630
     630
     641
     616
     640
     606
     643
     637
     685
     682
     688
     660
     674
     674
     734
     712
     721
     772
     749
     784
     780
     793
     789
     844
     862
     821
     818
     858
     915
     937
     976
     960
     950
    1017
    1024
    1008
    1004
    1062
    1063
    1159
    1133
    1134
    1207
    1287
    1271
    1340
    1342
    1307
    1327
    1399
    1420
    1539
    1548
    1553
    1636
    1608
    1665
    1684
    1828
    1771
    1906
    1926
    1932
    1938
    2067
    2067
    2137
    2173
    2229
    2239
    2365
    2311
    2350
    2462
    2534
    2662
    2587
    2661
    2765
    2733
    2751
    2915
    2946
    2944
    3091
    3147
    3161
    3286
    3226
    3369
    3450
    3410
    3510
    3612
    3736
    3541
    3735
    3745
    3869
    3941
    3938
    3955
    3970
    4133
    4249
    4193
    4311
    4295
    4362
    4435
    4512
    4553
    4654
    4707
    4691
    4662
    4723
    4751
    4816
    4902
    5056
    5003
    5070
    5010
    5047
    5079
    5090
    5192
    5168
    5172
    5318
    5238
    5275
    5297
    5375
    5423
    5357
    5467
    5350
    5372
    5319
    5306
    5320
    5458
    5365
    5354
    5407
    5318
    5397
    5402
    5309
    5164
    5109
    5113
    5345
    5123
    5131
    5126
    5019
    5066
    5182
    4973
    4926
    4802
    4848
    4752
    4784
    4749
    4560
    4628
    4627
    4472
    4443
    4403
    4282
    4292
    4276
    4089
    4074
    4023
    3963
    4025
    3793
    3693
    3746
    3642
    3494
    3410
    3378
    3323
    3245
    3112
    3142
    3062
    2960
    2909
    2703
    2793
    2725
    2667
    2608
    2538
    2473
    2419
    2271
    2257
    2169
    2106
    2073
    1963
    2016
    1971
    1806
    1806
    1685
    1715
    1603
    1614
    1498
    1518
    1439
    1412
    1347
    1294
    1194
    1220
    1127
    1099
    1155
    1071
    1058
    1008
    1020
     975
     907
     870
     806
     783
     774
     757
     741
     694
     651
     643
     669
     625
     565
     542
     527
     547
     551
     542
     468
     460
     487
     482
     432
     436
     452
     418
     394
     345
     397
     379
     364
     368
     335
     345
     305
     334
     278
     313
     293
     286
     303
     315
     285
     275
     280
     252
     298
     306
     245
     244
     259
     255
     274
     244
     235
     214
     248
     239
     243
     246
     221
     234
     245
     219
     251
     207
     263
     230
     236
     208
     227
     225
     219
     245
     200
     241
     226
     216
     223
     235
     246
     207
     245
     254
     212
     189
     222
     238
     221
     235
     242
     217
     211
     221
     212
     218
     210
     219
     247
     220
     227
     235
     235
     242
     211
     244
     235
     211
     217
     210
     209
     231
     215
     244
     223
     233
     206
     195
     224
     199
     225
     215
     228
     216
     218
     224
     218
     214
     215
     230
     190
     239
     213
     229
     232
     191
     260
     242
     240
     200
     227
     240
     231
     228
     240
     219
     198
     233
     209
     207
     223
     238
     223
     247
     209
     177
     222
     255
     218
     198
     239
     246
     220
     224
     251
     224
     208
     194
     210
     217
     242
     218
     233
     227
     230
     244
     216
     220
     234
     217
     239
     227
     230
     247
     231
     259
     216
     246
     199
     242
     235
     229
     231
     241
     264
     209
     237
     255
     224
     224
     238
     257
     217
     242
     226
     260
     227
     235
     224
     224
     237
     257
     230
     246
     238
     248
     227
     224
     214
     230
     266
     237
     236
     239
     230
     255
     230
     248
     263
     257
     257
     270
     241
     241
     285
     248
     272
     226
     297
     270
     266
     265
     259
     256
     260
     248
     243
     237
     227
     222
     272
     268
     296
     290
     260
     251
     289
     234
     272
     248
     269
     260
     264
     299
     282
     278
     285
     291
     283
     283
     272
     278
     254
     289
     302
     289
     278
     305
     286
     306
     295
     284
     293
     290
     290
     296
     279
     283
     286
     288
     296
     298
     278
     293
     281
     291
     288
     292
     268
     295
     269
     264
     275
     270
     299
     268
     284
     278
     286
     328
     326
     307
     291
     324
     246
     307
     306
     282
     289
     282
     275
     243
     298
     299
     295
     264
     284
     264
     252
     278
     306
     275
     300
     280
     224
     283
     286
     273
     280
     281
     253
     253
     260
     284
     267
     269
     256
     286
     256
     272
     244
     267
     260
     270
     258
     237
     233
     241
     246
     249
     242
     216
     234
     251
     232
     246
     247
     273
     266
     234
     244
     204
     222
     249
     247
     251
     232
     239
     224
     232
     204
     199
     218
     211
     216
     216
     213
     234
     241
     238
     212
     218
     190
     219
     196
     206
     232
     238
     225
     200
     191
     194
     239
     220
     219
     193
     208
     213
     190
     211
     203
     205
     234
     213
     192
     209
     211
     218
     218
     149
     204
     212
     203
     203
     211
     198
     198
     223
     234
     206
     188
     203
     206
     220
     219
     210
     219
     199
     236
     197
     221
     244
     231
     209
     207
     197
     187
     219
     208
     207
     187
     219
     208
     179
     191
     190
     209
     194
     186
     207
     188
     188
     207
     187
     193
     204
     189
     200
     221
     200
     182
     177
     185
     218
     216
     213
     202
     210
     202
     194
     184
     202
     204
     193
     200
     199
     216
     201
     221
     196
     209
     184
     195
     180
     216
     215
     195
     194
     196
     178
     209
     184
     200
     187
     181
     223
     185
     209
     204
     200
     214
     210
     191
     189
     202
     189
     208
     195
     204
     174
     208
     179
     209
     199
     218
     181
     197
     186
     207
     181
       0
       0
       0
       0
       0
       0
       0
       0
       0
       0
       0
       0
       0
       0
       0
       0
       0
       0
       0
       0
       0
       0
       0
       0
       0
       0
       0
       0
       0
       0
       0
       0
$ROI:
0
$PRESETS:
None
0
0
$ENER_FIT:
0.000000 0.421939
$MCA_CAL:
3
0.000000E+000 4.219387E-001 0.000000E+000 keV
$SHAPE_CAL:
3
0.000000E+000 0.000000E+000 0.000000E+000
