$SPEC_ID:
Scatter
$SPEC_REM:
DET# 2
DETDESC# JLAB-11 MCB 133
AP# Maestro Version 7.01
$DATE_MEA:
03/11/2025 15:10:04
$MEAS_TIM:
493 503
$DATA:
0 2047
       0
       0
       0
       0
       0
       0
       0
       0
       0
       0
       0
       0
       0
       0
       0
       0
       0
       0
       0
       0
       0
       0
       0
       0
       0
       0
       0
       0
       0
       0
       0
       0
       0
       0
       0
       0
       0
       0
       0
       0
       0
       0
       0
       0
       0
       0
       0
       0
       0
       0
       0
       0
       0
       0
       0
       0
       0
       0
       0
       0
       0
       0
       0
       0
       0
       0
       0
       0
       0
       0
       0
       0
       0
       0
       0
       0
       0
     187
    2184
    2632
    3061
    3431
    4026
    4478
    5105
    5753
    6174
    6792
    7387
    7811
    8527
    8479
    8701
    8972
    9182
    8742
    8761
    8490
    8261
    7805
    7122
    6698
    6295
    5580
    5150
    4638
    4109
    3728
    3340
    2954
    2609
    2177
    1964
    1726
    1528
    1351
    1134
     965
     889
     761
     751
     668
     591
     534
     471
     479
     452
     387
     374
     356
     400
     403
     359
     381
     401
     382
     398
     427
     471
     436
     458
     484
     458
     505
     547
     563
     555
     584
     599
     595
     615
     646
     681
     668
     689
     745
     680
     733
     692
     761
     704
     713
     694
     692
     714
     731
     696
     732
     705
     657
     688
     658
     661
     624
     647
     624
     679
     682
     613
     658
     658
     660
     676
     724
     736
     716
     721
     742
     705
     755
     793
     782
     832
     846
     741
     789
     830
     833
     800
     858
     787
     822
     781
     868
     867
     833
     811
     845
     864
     849
     911
     889
    1001
     977
     986
     981
    1053
    1142
    1093
    1238
    1277
    1345
    1495
    1511
    1672
    1639
    1799
    1879
    2018
    2089
    2152
    2309
    2482
    2519
    2575
    2784
    2903
    2976
    3004
    2941
    3080
    3146
    3132
    3104
    3095
    3316
    3005
    2994
    2866
    2773
    2845
    2685
    2592
    2512
    2433
    2271
    2059
    2035
    1913
    1587
    1652
    1561
    1415
    1364
    1191
    1144
    1096
    1026
     989
     840
     748
     747
     722
     720
     622
     585
     570
     557
     471
     489
     497
     437
     420
     422
     456
     385
     418
     414
     389
     386
     425
     406
     389
     369
     406
     394
     382
     394
     390
     383
     387
     419
     392
     419
     413
     392
     394
     403
     413
     421
     367
     423
     429
     413
     416
     427
     441
     418
     439
     431
     434
     416
     448
     460
     442
     429
     437
     435
     496
     448
     475
     467
     488
     509
     444
     446
     478
     498
     489
     475
     484
     476
     481
     442
     485
     481
     490
     512
     452
     441
     447
     438
     453
     428
     459
     427
     418
     427
     439
     385
     415
     423
     427
     435
     439
     452
     433
     421
     431
     414
     385
     450
     413
     451
     390
     391
     391
     439
     428
     410
     418
     455
     427
     405
     400
     393
     420
     447
     452
     431
     415
     409
     462
     423
     478
     403
     421
     418
     460
     427
     441
     427
     464
     442
     418
     501
     464
     466
     470
     482
     452
     485
     455
     433
     439
     473
     509
     465
     454
     505
     497
     473
     514
     494
     498
     447
     493
     475
     503
     501
     522
     500
     491
     495
     494
     537
     514
     505
     478
     513
     491
     513
     510
     526
     505
     500
     505
     502
     518
     485
     519
     493
     510
     495
     517
     518
     493
     524
     511
     501
     445
     540
     517
     497
     459
     550
     486
     501
     470
     465
     456
     458
     492
     460
     447
     460
     471
     481
     478
     448
     419
     479
     449
     454
     421
     478
     465
     479
     432
     426
     432
     404
     465
     427
     408
     423
     400
     438
     434
     431
     420
     382
     384
     393
     381
     411
     426
     455
     395
     395
     358
     424
     403
     413
     389
     404
     411
     415
     384
     367
     370
     413
     374
     382
     369
     394
     377
     374
     369
     354
     394
     388
     388
     389
     414
     361
     376
     379
     416
     337
     395
     364
     325
     375
     371
     329
     342
     406
     339
     360
     335
     335
     313
     348
     347
     326
     322
     333
     329
     333
     337
     335
     347
     349
     333
     341
     350
     339
     326
     333
     313
     293
     291
     320
     332
     315
     299
     299
     295
     320
     313
     292
     299
     309
     314
     328
     287
     302
     277
     332
     276
     309
     300
     317
     320
     296
     285
     286
     294
     305
     261
     308
     322
     320
     288
     258
     252
     298
     272
     309
     324
     254
     282
     325
     284
     297
     278
     274
     294
     254
     282
     248
     266
     304
     295
     268
     301
     298
     290
     242
     232
     257
     259
     266
     275
     273
     235
     258
     278
     234
     239
     237
     255
     247
     269
     258
     245
     273
     262
     227
     269
     223
     246
     265
     250
     239
     251
     219
     227
     233
     255
     250
     237
     235
     252
     240
     228
     238
     196
     237
     242
     251
     212
     225
     203
     210
     222
     224
     259
     235
     219
     245
     229
     219
     203
     227
     245
     208
     234
     221
     205
     226
     192
     221
     220
     192
     193
     212
     209
     217
     220
     237
     231
     236
     207
     246
     210
     218
     221
     231
     258
     225
     217
     237
     240
     229
     227
     236
     241
     254
     250
     221
     253
     242
     236
     209
     227
     258
     291
     286
     257
     263
     279
     284
     280
     275
     305
     285
     307
     291
     294
     309
     294
     329
     297
     337
     272
     286
     332
     323
     326
     318
     318
     305
     344
     343
     333
     362
     344
     363
     361
     363
     358
     388
     353
     353
     387
     365
     374
     358
     367
     333
     407
     396
     369
     429
     405
     397
     309
     401
     393
     409
     372
     399
     406
     427
     393
     416
     404
     468
     405
     390
     404
     411
     404
     432
     460
     444
     419
     453
     434
     466
     440
     429
     473
     449
     507
     435
     488
     494
     477
     464
     521
     495
     508
     499
     531
     510
     475
     510
     540
     549
     522
     539
     534
     552
     540
     514
     547
     524
     523
     527
     538
     551
     574
     580
     518
     555
     551
     535
     522
     529
     517
     496
     515
     526
     503
     566
     528
     554
     505
     511
     488
     483
     484
     527
     468
     439
     503
     479
     426
     444
     466
     459
     465
     444
     442
     426
     448
     391
     423
     395
     408
     370
     378
     390
     348
     382
     363
     373
     318
     355
     370
     336
     342
     319
     335
     302
     292
     297
     331
     284
     314
     293
     293
     301
     307
     274
     266
     314
     308
     324
     314
     307
     304
     341
     309
     303
     309
     332
     348
     338
     325
     355
     411
     390
     418
     396
     399
     414
     418
     413
     464
     458
     491
     474
     491
     552
     494
     537
     539
     577
     613
     588
     570
     657
     640
     692
     676
     690
     683
     686
     763
     722
     750
     760
     779
     803
     799
     821
     872
     855
     862
     880
     866
     898
     924
     938
    1021
     970
     990
     930
     997
    1011
    1012
    1087
    1033
    1089
    1118
    1039
    1092
    1064
    1004
    1133
    1144
    1137
    1060
    1182
    1096
    1136
    1152
    1191
    1147
    1174
    1156
    1212
    1157
    1143
    1131
    1126
    1069
    1143
    1092
    1081
    1121
    1087
    1127
    1143
    1125
    1114
    1072
    1103
    1059
    1035
    1006
     999
     958
     945
     929
     945
     918
     960
     903
     923
     883
     865
     878
     844
     850
     776
     783
     792
     783
     781
     744
     749
     690
     697
     700
     636
     656
     626
     593
     646
     614
     598
     521
     532
     548
     502
     510
     512
     527
     495
     445
     452
     494
     437
     385
     441
     442
     438
     418
     399
     410
     402
     411
     339
     349
     371
     352
     336
     335
     322
     326
     330
     298
     319
     295
     298
     271
     293
     298
     243
     258
     261
     279
     302
     230
     272
     266
     260
     264
     226
     249
     228
     233
     224
     236
     229
     241
     237
     187
     212
     206
     193
     173
     205
     184
     177
     186
     189
     156
     162
     182
     142
     175
     173
     200
     152
     151
     152
     144
     143
     153
     154
     148
     130
     119
     138
     144
     118
     118
     126
     132
     123
     103
     119
     116
     102
      99
     105
      94
     113
     103
     106
     109
      93
      96
     107
      82
     104
     107
      78
      89
      99
      87
     107
      63
      75
      82
      94
      82
      73
      84
      91
      81
      84
      78
      82
      71
      84
      75
      68
      80
      91
      77
      74
      79
      69
      85
      79
      88
      81
      85
      68
      85
      70
      53
      80
      72
      75
      90
     104
      83
      69
      70
      95
      56
      77
      77
      67
      74
      61
      97
      57
      79
      85
      71
      76
      71
      77
      84
      75
      87
      80
      88
      69
      61
      70
      82
      65
      83
      75
      76
      78
      83
      72
      75
      77
      82
      81
      66
      67
      69
      85
      68
      77
      87
      60
      76
      60
      81
      64
      81
      75
      61
      75
      81
      88
      66
      84
      77
      60
      60
      84
      67
      56
      73
      63
      64
      64
      60
      50
      64
      70
      64
      75
      53
      60
      54
      51
      62
      56
      60
      59
      50
      42
      43
      50
      52
      54
      48
      51
      59
      45
      49
      33
      45
      50
      38
      43
      55
      40
      47
      48
      33
      35
      37
      36
      42
      47
      41
      34
      38
      48
      28
      37
      28
      31
      40
      39
      39
      41
      34
      47
      30
      34
      44
      38
      38
      36
      32
      31
      41
      26
      34
      32
      38
      22
      30
      31
      34
      33
      28
      40
      38
      29
      35
      27
      35
      32
      29
      28
      38
      29
      33
      35
      28
      37
      18
      30
      24
      23
      22
      25
      28
      34
      28
      25
      26
      31
      25
      34
      32
      24
      33
      22
      29
      27
      29
      36
      28
      26
      27
      18
      22
      19
      24
      19
      28
      31
      29
      27
      24
      25
      27
      23
      21
      31
      27
      21
      23
      23
      22
      21
      23
      24
      23
      29
      27
      26
      27
      23
      37
      27
      26
      33
      29
      22
      25
      20
      22
      25
      19
      26
      20
      24
      25
      15
      18
      18
      29
      20
      28
      28
      17
      20
      23
      21
      22
      28
      19
      15
      28
      16
      24
      25
      26
      23
      17
      12
      22
      19
      17
      16
      22
      23
      17
      17
      24
      22
      18
      25
      21
      21
      27
      21
      20
      26
      15
      21
      28
      19
      25
      17
      27
      18
      15
      17
      18
      17
      21
      18
      20
      13
      13
      14
      23
      15
      17
      23
      14
      19
      25
      13
      12
      24
      15
      19
      20
      17
      23
      24
      16
      23
      24
      19
      22
      20
      24
      19
      25
      27
      27
      14
      18
      15
      26
      20
      16
      12
      14
      10
      20
      15
      27
      33
      17
      11
      15
      28
      17
      11
      20
      17
      23
      22
      17
      13
      22
      17
      23
      16
      24
      14
      17
      17
      20
      24
      27
      13
      23
      13
      14
      25
      29
      13
      16
      25
      17
      17
      22
      14
      18
      19
      24
      17
      21
      22
      16
      19
      21
      14
      22
      22
      22
      19
      23
      30
      20
      26
      18
      20
      22
      16
      31
      16
      22
      25
      28
      17
      14
      23
      20
      16
      28
      18
      14
      20
      23
      22
      22
      21
      25
      20
      13
      21
      18
      25
      29
      27
      17
      16
      24
      22
      25
      19
      21
      28
      37
      33
      28
      12
      21
      21
      31
      29
      20
      25
      20
      20
      31
      21
      23
      19
      25
      18
      25
      29
      21
      25
      28
      22
      21
      28
      24
      26
      27
      30
      37
      29
      29
      32
      25
      29
      26
      29
      32
      37
      28
      26
      20
      35
      34
      25
      24
      36
      38
      32
      35
      30
      41
      33
      38
      45
      41
      28
      28
      39
      42
      31
      45
      35
      29
      28
      41
      28
      37
      35
      31
      41
      44
      51
      51
      43
      43
      46
      51
      45
      40
      54
      52
      41
      47
      64
      53
      55
      49
      50
      58
      55
      53
      54
      60
      61
      63
      55
      49
      77
      49
      75
      54
      84
      67
      74
      81
      65
      75
      89
      82
      71
      69
      83
      86
      98
      91
      78
     113
      91
      95
      91
      97
     106
      79
      94
     101
      86
     102
     103
     110
     118
     119
      91
     101
      89
     111
     119
     113
      94
     119
     108
     130
     127
     125
     128
     109
     130
     118
     113
     107
     122
     123
     136
     117
     133
     147
     132
     143
     122
     123
     134
     139
     118
     162
     163
     136
     149
     135
     140
     142
     154
     130
     145
     140
     122
     133
     133
     129
     145
     135
     128
     148
     137
     158
     154
     153
     128
     151
     154
     137
     124
     138
     146
     146
     134
     142
     142
     146
     153
     140
     129
     129
     156
     143
     151
     136
     118
     127
     137
     115
     145
     124
     130
     119
     138
     118
     131
     132
     123
     117
     121
     118
     104
     109
     108
     112
     121
     111
      99
     108
     107
     100
      93
      89
     127
     100
      79
      91
      79
      89
      80
      79
      85
      67
      69
      72
      74
      87
      75
      78
      69
      53
      85
      58
      62
      65
      63
      69
      73
      51
      43
      48
      58
      44
      51
      41
      55
      39
      53
      41
      30
      44
      41
      35
      39
      42
      33
      30
      28
      48
      41
      29
      32
      31
      36
      41
      25
      14
      31
      20
      28
      24
      21
      18
      26
      26
      22
      18
      20
      17
      29
      18
      11
      16
      18
      18
      13
      21
      19
      16
      15
       9
      12
      20
      15
      13
      12
      12
      17
      14
       9
      10
      22
      15
      19
      12
       8
       9
       8
      16
       8
      12
      10
      10
      12
      11
       8
      11
       4
      10
       9
      10
       6
       7
      13
       9
       9
       5
       5
      12
       9
       7
      12
       4
       4
       7
      10
      12
       9
      11
       8
       8
      10
      12
       7
       5
       7
       6
       9
       5
       9
      10
       7
       7
       8
      10
       9
       7
       6
       7
       7
      11
      10
       8
      10
       9
      10
       3
      13
      11
       5
       8
       9
       6
       4
       8
       8
       7
       7
       4
       9
      11
       7
       9
       8
       5
       4
       5
       6
       9
       8
       5
       6
       7
       6
       0
       0
       0
       0
       0
       0
       0
       0
       0
       0
       0
       0
       0
       0
       0
       0
       0
       0
       0
       0
       0
       0
       0
       0
       0
       0
       0
       0
       0
       0
       0
       0
$ROI:
0
$PRESETS:
None
0
0
$ENER_FIT:
0.000000 0.421939
$MCA_CAL:
3
0.000000E+000 4.219387E-001 0.000000E+000 keV
$SHAPE_CAL:
3
0.000000E+000 0.000000E+000 0.000000E+000
