$SPEC_ID:
Scatter
$SPEC_REM:
DET# 2
DETDESC# JLAB-11 MCB 133
AP# Maestro Version 7.01
$DATE_MEA:
03/11/2025 14:45:15
$MEAS_TIM:
344 362
$DATA:
0 2047
       0
       0
       0
       0
       0
       1
    5689
  899489
   87132
   74791
   39035
   24948
   15192
    8565
    4563
    2582
    1450
     876
     554
     433
     339
     277
     235
     186
     220
     220
     160
     186
     158
     160
     164
     159
     159
     142
     160
     160
     148
     179
     164
     150
     158
     168
     160
     160
     173
     160
     156
     148
     136
     143
     149
     173
     144
     166
     155
     166
     141
     144
     189
     165
     118
     161
     152
     155
     164
     169
     164
     150
     159
     170
     149
     177
     171
     156
     158
     153
     169
     174
     183
     180
     172
     157
     188
     178
     189
     169
     180
     183
     198
     181
     197
     175
     207
     206
     181
     192
     168
     205
     204
     181
     200
     180
     200
     189
     170
     158
     180
     161
     175
     165
     176
     161
     196
     172
     192
     179
     176
     187
     205
     176
     163
     199
     179
     175
     160
     173
     187
     200
     171
     160
     184
     175
     168
     197
     180
     190
     195
     195
     174
     197
     201
     215
     189
     222
     212
     186
     191
     217
     195
     189
     193
     224
     200
     209
     225
     205
     196
     199
     191
     204
     212
     215
     204
     195
     226
     213
     193
     224
     202
     190
     174
     234
     218
     218
     198
     224
     242
     223
     189
     219
     206
     210
     236
     228
     229
     234
     228
     248
     241
     228
     212
     242
     216
     226
     231
     247
     230
     264
     224
     262
     237
     249
     252
     235
     250
     254
     260
     254
     269
     258
     254
     294
     275
     272
     251
     289
     294
     274
     290
     293
     260
     275
     330
     293
     314
     300
     289
     297
     306
     288
     280
     295
     269
     294
     261
     291
     280
     305
     291
     300
     296
     305
     271
     288
     281
     282
     308
     265
     291
     306
     267
     306
     293
     312
     268
     326
     283
     297
     278
     282
     293
     283
     288
     296
     296
     283
     309
     286
     296
     261
     259
     282
     264
     275
     278
     282
     276
     300
     299
     282
     288
     301
     304
     276
     304
     278
     290
     308
     264
     295
     268
     299
     302
     270
     254
     287
     278
     299
     295
     313
     260
     303
     309
     276
     309
     289
     281
     282
     308
     274
     301
     287
     288
     311
     283
     313
     293
     266
     319
     315
     283
     313
     282
     327
     286
     297
     281
     274
     305
     301
     300
     297
     285
     305
     290
     301
     259
     333
     329
     298
     297
     296
     268
     318
     249
     287
     305
     304
     258
     301
     269
     288
     307
     277
     306
     284
     307
     291
     303
     310
     280
     280
     310
     285
     288
     290
     272
     296
     315
     285
     304
     287
     286
     315
     302
     303
     273
     281
     299
     317
     299
     294
     290
     325
     304
     310
     298
     311
     262
     263
     288
     279
     266
     291
     288
     297
     289
     299
     338
     293
     282
     312
     326
     303
     281
     339
     289
     304
     333
     298
     299
     289
     287
     285
     289
     256
     275
     278
     298
     295
     283
     297
     281
     296
     290
     284
     271
     292
     315
     254
     279
     333
     274
     274
     280
     298
     311
     301
     280
     309
     296
     299
     297
     301
     268
     309
     301
     341
     257
     314
     256
     278
     295
     321
     325
     289
     278
     270
     265
     290
     306
     290
     289
     279
     246
     275
     298
     280
     288
     261
     292
     318
     277
     289
     322
     294
     304
     294
     294
     301
     281
     264
     293
     289
     284
     316
     259
     302
     296
     293
     293
     292
     287
     302
     304
     288
     300
     253
     289
     311
     306
     294
     319
     263
     317
     304
     360
     335
     313
     323
     296
     293
     329
     309
     273
     304
     308
     343
     331
     317
     297
     317
     330
     320
     302
     338
     316
     322
     310
     313
     285
     304
     333
     332
     356
     313
     343
     316
     296
     320
     337
     324
     356
     310
     297
     301
     324
     331
     337
     354
     314
     310
     330
     320
     377
     338
     322
     315
     322
     348
     321
     340
     327
     324
     299
     307
     337
     321
     341
     332
     352
     323
     316
     324
     302
     293
     341
     304
     323
     333
     298
     340
     277
     307
     291
     307
     291
     301
     323
     318
     321
     305
     327
     303
     289
     305
     281
     317
     330
     267
     357
     294
     329
     285
     267
     293
     333
     303
     292
     270
     315
     312
     268
     285
     294
     276
     297
     292
     290
     306
     297
     328
     256
     288
     245
     294
     263
     264
     253
     274
     280
     274
     279
     274
     254
     274
     291
     255
     260
     281
     274
     264
     279
     269
     254
     241
     277
     273
     251
     268
     274
     252
     236
     264
     277
     263
     266
     256
     274
     243
     242
     263
     270
     274
     256
     240
     275
     256
     308
     254
     259
     242
     256
     255
     243
     255
     241
     249
     265
     250
     230
     248
     262
     238
     246
     252
     245
     206
     244
     236
     237
     240
     237
     237
     262
     234
     241
     260
     236
     228
     264
     239
     242
     215
     265
     241
     256
     210
     235
     233
     226
     224
     208
     227
     210
     259
     232
     235
     220
     250
     218
     256
     217
     240
     223
     228
     212
     238
     241
     248
     237
     231
     220
     224
     245
     234
     226
     236
     220
     229
     207
     246
     243
     260
     228
     234
     217
     227
     227
     229
     235
     232
     206
     244
     219
     235
     211
     221
     189
     209
     222
     216
     220
     197
     200
     230
     229
     216
     223
     255
     215
     217
     217
     201
     228
     217
     225
     208
     247
     212
     218
     194
     247
     225
     216
     229
     188
     220
     211
     239
     219
     214
     216
     224
     205
     210
     223
     227
     236
     249
     195
     222
     227
     229
     256
     233
     205
     220
     220
     231
     200
     194
     208
     235
     233
     222
     209
     210
     195
     194
     188
     213
     223
     206
     201
     244
     212
     199
     232
     198
     187
     239
     239
     249
     209
     202
     215
     213
     215
     224
     230
     183
     226
     220
     211
     224
     199
     208
     210
     218
     223
     218
     198
     181
     211
     208
     197
     201
     192
     201
     224
     192
     194
     181
     238
     182
     229
     198
     183
     200
     204
     213
     209
     208
     198
     175
     215
     186
     240
     199
     237
     215
     184
     198
     217
     238
     202
     196
     198
     213
     197
     181
     199
     208
     185
     186
     209
     189
     191
     206
     218
     198
     185
     198
     225
     211
     211
     205
     192
     209
     197
     205
     193
     194
     206
     196
     205
     207
     202
     216
     195
     205
     201
     208
     190
     189
     223
     194
     188
     233
     222
     187
     183
     209
     212
     226
     205
     186
     206
     190
     185
     188
     211
     205
     218
     197
     189
     192
     206
     184
     220
     205
     180
     209
     199
     174
     202
     201
     214
     221
     228
     233
     217
     203
     194
     197
     179
     206
     204
     205
     192
     232
     220
     200
     223
     235
     198
     203
     243
     185
     220
     206
     210
     194
     219
     221
     220
     180
     214
     220
     217
     207
     211
     190
     213
     193
     222
     199
     198
     201
     193
     214
     176
     212
     187
     209
     189
     205
     216
     185
     201
     210
     212
     208
     214
     212
     202
     202
     207
     197
     187
     194
     196
     183
     209
     192
     215
     202
     184
     214
     182
     185
     171
     202
     216
     185
     202
     207
     203
     200
     207
     225
     203
     194
     221
     211
     209
     209
     197
     221
     221
     218
     205
     220
     231
     215
     212
     203
     217
     199
     220
     196
     199
     203
     213
     196
     242
     204
     204
     185
     193
     189
     204
     206
     207
     232
     197
     210
     177
     212
     201
     193
     195
     185
     175
     220
     217
     215
     191
     213
     190
     213
     202
     210
     225
     202
     218
     186
     207
     193
     217
     224
     186
     183
     200
     198
     221
     208
     221
     212
     202
     181
     215
     222
     204
     221
     218
     206
     209
     247
     186
     205
     240
     232
     219
     219
     217
     199
     224
     222
     204
     207
     233
     214
     227
     202
     226
     225
     192
     208
     239
     213
     225
     210
     214
     230
     210
     210
     212
     219
     184
     209
     212
     185
     216
     218
     203
     223
     205
     214
     198
     208
     187
     215
     227
     195
     196
     213
     195
     193
     200
     204
     207
     217
     220
     211
     212
     211
     194
     221
     215
     194
     204
     207
     207
     206
     219
     214
     202
     226
     183
     191
     225
     209
     213
     197
     189
     222
     189
     180
     221
     194
     197
     221
     193
     205
     181
     199
     185
     210
     192
     183
     202
     221
     206
     189
     202
     194
     167
     204
     180
     194
     198
     204
     178
     180
     199
     203
     160
     168
     175
     161
     189
     202
     187
     182
     182
     163
     176
     170
     186
     172
     169
     165
     157
     165
     188
     196
     173
     162
     160
     164
     173
     135
     158
     160
     148
     180
     158
     156
     157
     158
     150
     146
     151
     142
     154
     127
     131
     157
     136
     132
     145
     126
     145
     102
     135
     131
     155
     122
     131
     143
     122
     134
     132
     133
     122
     123
     135
     131
     108
     134
     122
     115
     132
     112
     110
     119
     105
     107
     118
     112
     115
     103
     119
     115
      98
     102
     120
     101
     102
     112
     104
     113
     121
      97
     102
      95
      93
      97
     108
      93
     102
      97
     113
     106
     106
      98
     112
     110
      88
      89
      82
      83
      90
      81
     102
     102
      88
      86
      81
     100
      74
      79
      99
      90
      70
      75
      81
     108
      77
      86
      78
      95
      89
      92
      77
      78
      68
      87
      73
     102
      96
      83
      70
      86
      97
      72
      62
      82
      88
      82
      84
      94
      76
      86
      79
      89
      78
      52
      89
      71
      80
      80
      76
      71
      65
      75
      72
      78
      75
      68
      70
      78
      67
      79
      77
      50
      55
      64
      80
      63
      62
      66
      77
      63
      82
      67
      70
      61
      70
      78
      70
      66
      78
      62
      79
      79
      52
      59
      71
      72
      71
      80
      64
      54
      67
      58
      68
      70
      62
      79
      73
      63
      55
      68
      75
      85
      68
      54
      65
      68
      57
      52
      53
      49
      75
      58
      70
      61
      66
      59
      56
      77
      62
      68
      58
      62
      66
      63
      56
      59
      61
      70
      66
      54
      63
      58
      71
      71
      69
      54
      73
      47
      61
      77
      78
      73
      68
      59
      49
      65
      55
      60
      77
      67
      68
      69
      64
      53
      52
      61
      57
      66
      58
      65
      53
      75
      64
      64
      66
      53
      49
      54
      63
      60
      68
      52
      61
      56
      48
      55
      66
      58
      70
      60
      62
      72
      62
      69
      67
      49
      74
      63
      54
      53
      47
      54
      52
      62
      69
      54
      66
      62
      56
      68
      60
      83
      65
      64
      64
      60
      58
      86
      55
      57
      42
      56
      77
      50
      62
      64
      50
      58
      66
      52
      69
      59
      67
      62
      71
      60
      57
      59
      61
      72
      56
      66
      65
      70
      65
      61
      65
      66
      61
      77
      59
      65
      64
      61
      73
      66
      76
      81
      73
      57
      55
      70
      70
      83
      71
      53
      87
      76
      72
      68
      73
      74
      91
      67
      58
      65
      69
      76
      77
      86
      80
      78
      72
      76
      78
      93
      65
      94
      84
      91
      78
     102
      79
      97
      93
      85
      81
      64
      88
      73
      94
     114
     103
     107
      84
     101
     100
      97
     102
      79
      94
     109
      92
     110
     112
     132
     119
     109
     108
     106
     128
     118
     120
     119
     110
     101
     140
     134
     128
     140
     150
     133
     146
     162
     174
     150
     162
     175
     170
     189
     159
     172
     164
     182
     186
     185
     165
     168
     210
     200
     218
     223
     250
     247
     228
     229
     270
     249
     265
     235
     266
     302
     296
     300
     287
     316
     293
     316
     329
     335
     334
     363
     360
     334
     365
     340
     404
     371
     383
     397
     396
     417
     408
     437
     438
     457
     472
     496
     480
     517
     515
     525
     512
     554
     558
     554
     549
     563
     562
     551
     605
     564
     614
     644
     619
     663
     671
     673
     678
     717
     717
     727
     762
     736
     758
     775
     718
     748
     748
     757
     796
     745
     752
     776
     777
     849
     889
     887
     821
     891
     926
     897
     902
     938
     923
     954
     970
    1016
     988
     989
     917
     986
    1003
    1005
     972
    1040
     980
    1050
    1011
    1063
    1013
    1002
     971
    1039
    1077
    1057
    1045
    1043
    1021
    1105
    1031
    1028
    1070
     996
    1090
    1066
    1025
    1030
    1106
    1162
     987
    1028
    1067
    1062
     974
    1053
    1046
    1082
    1028
    1039
     975
     977
    1014
    1015
    1006
    1001
    1003
     969
     996
     950
     940
     926
     971
     846
     926
     911
     970
     868
     882
     879
     895
     893
     793
     875
     759
     813
     769
     769
     790
     754
     728
     776
     739
     670
     677
     684
     740
     667
     694
     657
     627
     569
     580
     594
     569
     600
     558
     564
     543
     552
     489
     510
     471
     493
     460
     491
     453
     424
     420
     432
     366
     346
     402
     408
     378
     352
     333
     352
     294
     298
     314
     270
     323
     310
     280
     282
     241
     237
     233
     219
     244
     201
     208
     189
     203
     168
     186
     161
     165
     172
     159
     149
     162
     137
     133
     131
     114
     115
     118
     104
     107
      91
     108
      88
      95
      78
      77
      86
      80
      86
      65
      69
      65
      68
      56
      70
      53
      60
      55
      52
      51
      52
      48
      50
      37
      41
      42
      39
      35
      35
      30
      25
      32
      23
      26
      25
      20
      23
      25
      22
      19
      21
      19
      23
      13
      19
      17
      12
      18
      13
       9
      25
      11
      16
      19
      13
      10
      15
      14
       8
       8
      10
      13
       6
       4
      11
      13
       6
       8
      13
       8
       7
      10
       3
       8
       4
       3
       5
       6
       9
       4
       4
       9
       6
      11
       9
       6
       7
       7
       8
       8
       8
       6
       3
       9
       6
       9
       9
       3
       2
       4
       6
       7
       6
       5
       6
       7
       9
       3
       5
       0
       0
       0
       0
       0
       0
       0
       0
       0
       0
       0
       0
       0
       0
       0
       0
       0
       0
       0
       0
       0
       0
       0
       0
       0
       0
       0
       0
       0
       0
       0
       0
$ROI:
0
$PRESETS:
None
0
0
$ENER_FIT:
0.000000 0.421939
$MCA_CAL:
3
0.000000E+000 4.219387E-001 0.000000E+000 keV
$SHAPE_CAL:
3
0.000000E+000 0.000000E+000 0.000000E+000
