$SPEC_ID:
Scatter
$SPEC_REM:
DET# 2
DETDESC# JLAB-11 MCB 133
AP# Maestro Version 7.01
$DATE_MEA:
03/11/2025 14:45:15
$MEAS_TIM:
316 337
$DATA:
0 2047
       0
       0
       1
       0
       0
       3
    6681
 1048729
  114866
  101101
   53719
   34980
   22176
   13514
    7941
    4553
    2691
    1786
    1133
     706
     531
     385
     338
     276
     243
     233
     203
     187
     177
     177
     216
     170
     164
     159
     153
     162
     145
     151
     167
     180
     136
     164
     155
     152
     164
     172
     154
     160
     163
     159
     163
     167
     169
     156
     169
     173
     163
     172
     168
     199
     189
     146
     163
     193
     168
     166
     162
     152
     162
     171
     159
     165
     147
     171
     174
     167
     188
     176
     188
     178
     171
     169
     207
     196
     196
     212
     207
     188
     191
     163
     183
     201
     182
     188
     198
     182
     171
     180
     192
     193
     191
     177
     190
     180
     185
     174
     193
     173
     173
     149
     189
     192
     182
     177
     200
     169
     228
     181
     191
     171
     180
     192
     202
     187
     206
     155
     164
     197
     196
     210
     185
     219
     207
     180
     183
     174
     195
     188
     205
     200
     187
     206
     219
     202
     200
     200
     198
     214
     208
     194
     200
     192
     221
     202
     207
     203
     186
     206
     200
     196
     207
     201
     191
     201
     233
     213
     222
     212
     183
     219
     217
     221
     208
     195
     226
     204
     227
     240
     239
     245
     225
     209
     226
     235
     222
     224
     220
     238
     194
     236
     227
     258
     249
     237
     246
     212
     252
     235
     247
     242
     278
     238
     271
     292
     239
     257
     249
     269
     298
     286
     272
     237
     300
     288
     266
     287
     302
     290
     272
     305
     299
     303
     311
     269
     280
     301
     323
     278
     321
     325
     330
     306
     314
     274
     302
     286
     283
     328
     319
     287
     302
     284
     288
     281
     324
     281
     301
     247
     275
     303
     291
     300
     279
     276
     298
     273
     281
     270
     291
     288
     289
     299
     268
     291
     291
     243
     295
     261
     314
     286
     303
     302
     274
     274
     294
     277
     291
     300
     289
     304
     304
     267
     290
     295
     297
     290
     298
     284
     295
     285
     293
     309
     309
     316
     276
     277
     322
     266
     295
     288
     271
     274
     294
     303
     296
     299
     284
     277
     242
     282
     282
     275
     294
     313
     284
     275
     297
     279
     300
     297
     292
     299
     278
     281
     300
     288
     299
     309
     270
     276
     276
     313
     273
     281
     293
     326
     324
     283
     308
     301
     268
     276
     275
     271
     286
     275
     242
     335
     312
     289
     271
     288
     269
     258
     294
     281
     256
     285
     282
     285
     284
     274
     303
     295
     299
     261
     286
     326
     283
     274
     276
     271
     313
     285
     279
     298
     289
     279
     297
     316
     325
     292
     310
     297
     320
     268
     304
     318
     301
     275
     285
     269
     277
     286
     296
     283
     289
     272
     305
     305
     271
     307
     268
     281
     310
     265
     278
     272
     291
     293
     279
     320
     268
     314
     272
     289
     257
     290
     252
     297
     274
     307
     277
     281
     307
     280
     246
     287
     267
     293
     282
     286
     265
     269
     293
     279
     277
     271
     281
     284
     266
     307
     289
     293
     303
     307
     283
     257
     302
     302
     269
     281
     264
     279
     305
     290
     272
     287
     261
     277
     303
     284
     288
     268
     288
     272
     297
     287
     263
     260
     263
     310
     260
     297
     327
     276
     296
     252
     277
     298
     254
     266
     297
     271
     306
     301
     296
     281
     291
     312
     307
     315
     302
     287
     320
     285
     290
     312
     289
     339
     267
     322
     336
     311
     289
     343
     327
     312
     307
     332
     335
     293
     291
     343
     310
     318
     315
     342
     288
     332
     341
     325
     308
     307
     336
     318
     338
     373
     324
     339
     322
     343
     356
     329
     299
     330
     326
     366
     310
     339
     309
     317
     356
     370
     311
     345
     316
     342
     307
     330
     341
     356
     319
     325
     334
     315
     350
     338
     319
     322
     311
     322
     333
     308
     322
     326
     351
     326
     336
     347
     340
     335
     314
     324
     318
     300
     301
     308
     271
     322
     313
     303
     318
     289
     288
     286
     296
     299
     320
     306
     298
     287
     305
     297
     292
     298
     301
     300
     305
     315
     292
     279
     262
     314
     294
     285
     314
     326
     301
     286
     281
     296
     291
     307
     272
     295
     288
     283
     287
     310
     277
     267
     268
     288
     291
     269
     299
     261
     288
     263
     240
     281
     278
     291
     267
     288
     256
     252
     276
     268
     274
     269
     283
     264
     256
     283
     277
     275
     265
     265
     279
     256
     281
     259
     254
     255
     249
     275
     283
     266
     288
     281
     256
     247
     261
     270
     281
     249
     290
     273
     248
     235
     244
     250
     257
     257
     285
     246
     269
     245
     261
     251
     239
     214
     237
     238
     261
     263
     229
     261
     275
     240
     222
     295
     241
     246
     239
     247
     228
     251
     221
     240
     229
     232
     245
     246
     236
     237
     237
     230
     226
     241
     214
     228
     260
     230
     256
     235
     241
     242
     209
     245
     228
     225
     223
     252
     221
     213
     238
     228
     262
     227
     227
     231
     221
     233
     217
     222
     235
     222
     228
     211
     214
     232
     227
     222
     217
     240
     259
     263
     219
     229
     237
     248
     249
     249
     237
     262
     243
     237
     241
     232
     224
     229
     200
     241
     236
     227
     227
     227
     221
     218
     220
     210
     209
     221
     250
     206
     240
     201
     214
     227
     226
     218
     241
     221
     213
     240
     236
     244
     233
     238
     216
     205
     256
     250
     220
     220
     237
     213
     211
     208
     223
     213
     227
     234
     228
     215
     216
     194
     214
     195
     219
     208
     237
     210
     225
     205
     225
     211
     218
     214
     211
     221
     243
     220
     217
     233
     217
     224
     216
     211
     218
     209
     201
     207
     239
     205
     191
     197
     195
     205
     205
     208
     228
     225
     240
     225
     212
     217
     225
     202
     200
     212
     202
     211
     197
     197
     204
     219
     223
     230
     193
     219
     218
     212
     213
     206
     219
     201
     221
     208
     197
     205
     221
     250
     218
     197
     210
     192
     210
     220
     195
     220
     202
     200
     220
     236
     198
     214
     210
     201
     210
     217
     234
     204
     221
     212
     211
     184
     203
     208
     236
     216
     230
     191
     225
     213
     180
     200
     205
     219
     224
     220
     194
     200
     208
     234
     202
     218
     212
     235
     207
     205
     225
     206
     219
     216
     237
     192
     221
     198
     200
     217
     201
     223
     199
     193
     243
     216
     203
     203
     186
     186
     203
     216
     237
     220
     197
     206
     214
     230
     203
     222
     199
     204
     212
     199
     205
     206
     213
     224
     219
     236
     180
     210
     217
     211
     208
     200
     212
     222
     206
     198
     236
     198
     222
     243
     210
     225
     235
     206
     217
     211
     197
     207
     210
     214
     208
     212
     206
     238
     205
     205
     220
     183
     226
     203
     208
     225
     217
     186
     241
     221
     182
     216
     189
     226
     230
     233
     221
     224
     164
     207
     201
     212
     210
     238
     202
     222
     209
     211
     210
     214
     200
     231
     192
     237
     212
     178
     209
     191
     227
     184
     218
     217
     198
     217
     203
     218
     186
     205
     214
     227
     192
     200
     222
     227
     217
     219
     209
     213
     183
     177
     211
     206
     192
     206
     226
     215
     210
     214
     222
     222
     227
     184
     224
     234
     221
     191
     202
     208
     207
     214
     203
     194
     207
     226
     229
     208
     210
     225
     196
     211
     208
     212
     229
     210
     228
     199
     223
     197
     215
     216
     199
     193
     193
     220
     210
     221
     203
     228
     182
     220
     186
     197
     202
     237
     209
     216
     198
     191
     203
     199
     205
     220
     217
     198
     228
     208
     210
     204
     221
     192
     227
     207
     213
     213
     201
     234
     227
     217
     233
     198
     191
     220
     218
     201
     180
     187
     218
     229
     190
     238
     212
     227
     227
     199
     218
     209
     220
     243
     198
     192
     198
     235
     216
     208
     201
     206
     214
     222
     218
     230
     215
     228
     218
     196
     191
     221
     221
     200
     212
     238
     210
     219
     241
     198
     227
     212
     220
     225
     231
     232
     219
     204
     204
     222
     231
     206
     229
     242
     242
     195
     210
     203
     210
     209
     226
     189
     218
     219
     174
     210
     183
     205
     182
     223
     212
     203
     220
     203
     194
     197
     229
     206
     215
     197
     208
     200
     176
     213
     200
     220
     204
     210
     213
     178
     210
     212
     181
     196
     198
     192
     164
     179
     166
     194
     176
     169
     179
     217
     172
     189
     170
     169
     165
     166
     189
     176
     165
     161
     159
     174
     178
     190
     174
     158
     158
     158
     185
     156
     161
     137
     156
     142
     146
     141
     146
     148
     149
     139
     144
     151
     131
     152
     144
     141
     145
     143
     132
     148
     138
     135
     140
     143
     113
     120
     134
     130
     121
     124
     129
     127
     108
     131
     110
     124
     135
     102
     109
     125
      92
     108
     128
     109
     117
     117
      87
     110
     107
     129
     116
      93
     117
     116
     111
     116
     113
      92
     105
     109
     120
     102
      90
     114
      93
     107
      93
      81
      98
     106
      90
      87
      84
      87
      82
      97
     106
      96
     105
     110
      90
      79
      94
     109
     100
     108
      87
      90
      92
      86
      97
      91
      88
      89
      87
      76
      79
      82
      74
      76
      92
      79
      81
      76
      79
      68
      94
      89
      84
      91
      82
      65
      78
      92
      72
      70
      87
      75
      84
      75
      88
      72
      76
      78
      78
      80
      66
      74
      57
      90
      83
      78
      95
      66
      72
      83
      82
      80
      74
      79
      74
      77
      63
      80
      74
      60
      77
      66
      69
      66
      72
      83
      81
      71
      69
      72
      61
      72
      68
      61
      67
      65
      87
      66
      82
      71
      74
      63
      64
      68
      71
      53
      86
      56
      66
      64
      81
      64
      62
      65
      52
      64
      82
      87
      67
      80
      65
      59
      65
      72
      85
      68
      70
      57
      61
      59
      70
      66
      66
      63
      70
      71
      61
      61
      65
      64
      63
      70
      63
      72
      80
      64
      79
      73
      73
      71
      71
      52
      66
      68
      69
      53
      70
      49
      65
      67
      66
      61
      64
      73
      82
      60
      76
      69
      59
      71
      50
      62
      57
      55
      60
      52
      65
      65
      61
      62
      71
      59
      47
      88
      63
      69
      66
      57
      58
      66
      60
      83
      51
      74
      76
      73
      58
      70
      56
      57
      61
      78
      76
      66
      61
      62
      81
      58
      66
      70
      63
      72
      64
      63
      56
      73
      69
      70
      56
      55
      74
      66
      69
      74
      68
      59
      52
      70
      74
      74
      72
      59
      70
      71
      62
      85
      43
      67
      62
      69
      63
      57
      85
      73
      74
      64
      77
      80
      84
      79
      61
      51
      94
      89
      68
      68
      66
      72
      67
      76
      73
      59
      75
      69
      79
      69
      87
      56
      70
      76
      86
      74
      60
      77
      69
      67
      77
      80
      74
      74
      65
      89
      84
      75
      92
      90
      88
      57
      82
      93
      83
      86
      90
      97
      79
      80
      87
      78
      97
      97
      95
     102
      99
     116
      78
     110
      90
      93
      95
     105
     112
     104
     120
     101
     111
     132
     127
     117
     125
     125
     117
     161
     125
     123
     142
     150
     146
     144
     128
     146
     155
     141
     160
     144
     170
     165
     176
     186
     203
     160
     178
     191
     192
     211
     193
     220
     235
     225
     215
     225
     230
     237
     242
     219
     249
     290
     273
     267
     257
     287
     275
     307
     283
     278
     309
     321
     314
     340
     339
     337
     343
     402
     371
     379
     412
     376
     396
     426
     408
     418
     441
     449
     442
     434
     488
     470
     463
     515
     510
     532
     569
     509
     531
     618
     561
     574
     581
     620
     594
     658
     617
     681
     619
     679
     684
     702
     683
     685
     708
     703
     739
     739
     759
     790
     800
     746
     764
     797
     786
     838
     843
     854
     867
     867
     888
     936
     893
     899
     905
     969
     953
     958
     988
     906
    1017
     982
     985
    1035
     973
    1012
    1012
    1005
    1091
    1021
    1076
    1054
    1052
    1112
    1080
    1094
    1101
    1087
    1030
    1114
    1098
    1047
    1102
    1113
    1025
    1162
    1085
    1086
    1132
    1111
    1065
    1120
    1055
    1121
    1110
    1101
    1037
    1086
    1124
    1081
    1042
    1065
    1076
    1087
    1042
    1062
    1047
    1024
    1027
    1050
    1069
    1078
     998
     935
    1005
     956
     980
     965
     941
     946
     919
     963
    1011
     956
     868
     934
     884
     878
     787
     821
     807
     808
     748
     849
     804
     787
     764
     753
     756
     726
     703
     708
     683
     704
     695
     677
     653
     635
     625
     565
     596
     581
     563
     541
     554
     480
     540
     533
     497
     486
     455
     495
     457
     440
     426
     397
     407
     376
     401
     395
     388
     346
     344
     322
     331
     288
     290
     265
     301
     292
     315
     242
     246
     239
     240
     235
     229
     205
     210
     196
     186
     176
     163
     156
     148
     165
     153
     147
     158
     137
     163
     115
     123
     129
     116
     107
     115
     128
     105
      96
      85
      86
      73
      74
      74
      78
      77
      69
      63
      61
      60
      53
      45
      53
      60
      33
      56
      47
      40
      34
      37
      47
      42
      36
      40
      36
      26
      25
      38
      29
      30
      18
      27
      23
      16
      22
      23
      26
      21
      19
      19
      20
      14
      17
      13
      11
      10
      12
      11
      12
       8
       8
       9
      11
       9
      12
       9
      13
      14
      15
       7
      10
      11
       8
      10
       6
       9
       4
       7
      10
       3
      13
       6
       3
       7
       6
       5
      10
       7
       6
       6
       9
       8
       8
       8
       9
      11
      11
       6
       8
       5
       5
       5
       7
       9
       6
       5
       5
       5
       6
       4
       4
       7
       4
       0
       0
       0
       0
       0
       0
       0
       0
       0
       0
       0
       0
       0
       0
       0
       0
       0
       0
       0
       0
       0
       0
       0
       0
       0
       0
       0
       0
       0
       0
       0
       0
$ROI:
0
$PRESETS:
None
0
0
$ENER_FIT:
0.000000 0.421939
$MCA_CAL:
3
0.000000E+000 4.219387E-001 0.000000E+000 keV
$SHAPE_CAL:
3
0.000000E+000 0.000000E+000 0.000000E+000
