$SPEC_ID:
Scatter
$SPEC_REM:
DET# 2
DETDESC# JLAB-11 MCB 133
AP# Maestro Version 7.01
$DATE_MEA:
03/11/2025 15:10:04
$MEAS_TIM:
329 335
$DATA:
0 2047
       0
       0
       0
       0
       0
       0
       0
       0
       0
       0
       0
       0
       0
       0
       0
       0
       0
       0
       0
       0
       0
       0
       0
       0
       0
       0
       0
       0
       0
       0
       0
       0
       0
       0
       0
       0
       0
       0
       0
       0
       0
       0
       0
       0
       0
       0
       0
       0
       0
       0
       0
       0
       0
       0
       0
       0
       0
       0
       0
       0
       0
       0
       0
       0
       0
       0
       0
       0
       0
       0
       0
       0
       0
       0
       0
       0
       1
      16
     165
     185
     192
     156
     158
     174
     181
     192
     175
     165
     165
     174
     168
     164
     186
     176
     185
     196
     165
     185
     188
     183
     178
     194
     177
     173
     182
     181
     167
     171
     162
     201
     166
     178
     169
     176
     178
     180
     185
     161
     174
     172
     170
     124
     176
     198
     189
     190
     188
     195
     195
     146
     187
     190
     203
     188
     227
     206
     190
     171
     176
     182
     177
     176
     182
     198
     200
     169
     192
     180
     175
     224
     181
     196
     199
     180
     206
     192
     202
     200
     210
     225
     189
     192
     187
     202
     203
     184
     207
     207
     195
     204
     205
     222
     231
     220
     237
     217
     231
     209
     241
     216
     218
     200
     216
     202
     186
     239
     216
     249
     271
     243
     215
     223
     216
     243
     231
     229
     247
     232
     224
     235
     232
     245
     245
     253
     261
     251
     242
     269
     276
     228
     255
     253
     283
     286
     261
     255
     285
     261
     273
     265
     232
     258
     254
     271
     278
     283
     271
     276
     263
     290
     292
     299
     293
     260
     308
     287
     283
     263
     264
     281
     286
     229
     274
     284
     293
     298
     279
     274
     250
     303
     267
     221
     275
     268
     267
     286
     266
     295
     316
     234
     263
     270
     259
     286
     303
     262
     256
     295
     258
     285
     284
     253
     288
     287
     260
     276
     277
     290
     296
     263
     279
     248
     300
     276
     260
     297
     287
     270
     293
     292
     279
     277
     280
     296
     283
     283
     293
     314
     299
     285
     282
     270
     274
     302
     255
     252
     294
     247
     274
     266
     268
     296
     272
     304
     304
     270
     277
     298
     272
     279
     276
     256
     288
     262
     285
     303
     256
     294
     262
     285
     262
     294
     258
     263
     297
     278
     281
     292
     291
     262
     269
     291
     283
     268
     273
     292
     270
     274
     311
     303
     261
     263
     284
     282
     318
     312
     273
     293
     287
     291
     290
     280
     296
     253
     261
     277
     296
     262
     260
     265
     276
     270
     307
     317
     274
     236
     278
     281
     304
     296
     288
     257
     270
     303
     302
     288
     282
     272
     297
     283
     274
     277
     269
     277
     299
     271
     286
     272
     293
     281
     298
     275
     277
     285
     260
     270
     261
     278
     268
     289
     257
     281
     245
     298
     252
     306
     252
     286
     271
     272
     286
     274
     266
     291
     270
     242
     277
     290
     252
     286
     288
     297
     258
     257
     283
     251
     289
     275
     289
     269
     279
     291
     294
     266
     253
     298
     284
     281
     262
     297
     273
     292
     278
     281
     254
     275
     260
     265
     291
     274
     277
     258
     298
     215
     267
     254
     307
     268
     270
     324
     297
     292
     247
     253
     285
     273
     297
     289
     281
     278
     285
     281
     266
     272
     262
     272
     282
     271
     294
     284
     273
     287
     273
     295
     290
     292
     302
     296
     312
     302
     256
     298
     312
     289
     306
     299
     327
     295
     281
     300
     288
     313
     314
     307
     301
     288
     323
     301
     275
     283
     300
     299
     319
     335
     292
     316
     304
     284
     316
     319
     284
     317
     339
     328
     295
     317
     320
     284
     326
     297
     306
     313
     305
     294
     318
     317
     308
     320
     278
     352
     315
     313
     317
     303
     297
     319
     281
     306
     337
     299
     288
     334
     298
     304
     315
     320
     311
     296
     325
     291
     299
     291
     308
     315
     301
     281
     295
     318
     291
     332
     308
     286
     297
     297
     303
     304
     247
     276
     289
     271
     263
     297
     255
     310
     294
     299
     282
     295
     292
     274
     271
     277
     263
     299
     263
     293
     296
     266
     283
     281
     249
     271
     264
     280
     277
     280
     285
     290
     293
     266
     247
     257
     281
     255
     277
     254
     290
     244
     303
     291
     240
     268
     258
     239
     257
     256
     267
     240
     270
     264
     251
     273
     232
     262
     277
     264
     214
     274
     248
     255
     237
     262
     248
     251
     270
     247
     295
     257
     247
     238
     267
     252
     259
     255
     249
     248
     261
     253
     225
     253
     274
     230
     241
     253
     262
     233
     213
     258
     249
     263
     231
     222
     256
     228
     228
     231
     239
     219
     247
     252
     283
     236
     227
     248
     234
     233
     218
     239
     243
     250
     236
     212
     232
     220
     223
     244
     245
     224
     222
     237
     229
     231
     227
     250
     218
     238
     239
     207
     218
     241
     215
     227
     209
     244
     217
     220
     196
     217
     220
     240
     226
     218
     203
     231
     217
     220
     230
     210
     219
     213
     200
     220
     221
     176
     219
     206
     223
     228
     223
     249
     265
     201
     238
     215
     232
     220
     198
     204
     226
     220
     233
     229
     229
     229
     201
     222
     231
     222
     209
     229
     190
     229
     213
     237
     229
     198
     201
     197
     210
     214
     210
     197
     209
     197
     195
     213
     232
     211
     216
     216
     223
     194
     216
     208
     255
     183
     186
     242
     203
     213
     202
     194
     227
     188
     172
     233
     188
     184
     196
     221
     202
     219
     215
     186
     202
     214
     227
     201
     190
     200
     202
     213
     231
     221
     198
     210
     213
     224
     236
     164
     178
     229
     193
     239
     186
     204
     221
     217
     208
     208
     198
     223
     190
     221
     208
     219
     195
     218
     200
     205
     204
     181
     193
     252
     207
     192
     193
     192
     195
     191
     194
     214
     195
     199
     211
     192
     212
     209
     200
     199
     202
     201
     216
     202
     198
     180
     205
     175
     208
     208
     207
     205
     204
     211
     215
     199
     226
     193
     228
     219
     171
     209
     195
     191
     221
     192
     195
     185
     188
     222
     210
     199
     176
     198
     174
     195
     206
     199
     200
     208
     198
     227
     186
     207
     188
     201
     191
     198
     210
     202
     202
     189
     189
     193
     196
     220
     222
     209
     185
     210
     188
     194
     214
     196
     192
     198
     193
     214
     218
     216
     197
     187
     213
     183
     205
     203
     203
     194
     199
     206
     186
     196
     181
     212
     231
     182
     191
     213
     215
     216
     219
     184
     215
     187
     216
     196
     202
     214
     194
     179
     193
     220
     195
     161
     222
     189
     211
     216
     206
     186
     194
     181
     211
     206
     198
     206
     207
     190
     182
     191
     219
     188
     197
     214
     156
     193
     214
     215
     187
     195
     211
     199
     174
     202
     186
     201
     189
     203
     228
     184
     211
     195
     207
     186
     194
     193
     197
     181
     187
     177
     188
     184
     210
     189
     181
     211
     211
     180
     209
     218
     201
     187
     225
     188
     186
     213
     214
     204
     204
     180
     196
     186
     188
     182
     213
     193
     194
     203
     199
     182
     219
     204
     221
     198
     185
     178
     199
     203
     207
     182
     182
     200
     227
     182
     214
     191
     196
     194
     192
     209
     210
     202
     190
     208
     188
     197
     177
     201
     201
     187
     186
     184
     200
     192
     203
     183
     204
     196
     203
     184
     189
     201
     200
     206
     196
     212
     207
     190
     211
     187
     183
     204
     192
     181
     198
     201
     172
     217
     190
     217
     219
     177
     185
     233
     184
     218
     212
     198
     195
     195
     206
     208
     206
     197
     197
     218
     200
     198
     192
     205
     189
     213
     194
     197
     239
     200
     190
     224
     199
     208
     203
     195
     215
     183
     224
     212
     187
     194
     232
     193
     194
     207
     184
     213
     207
     202
     200
     200
     222
     179
     196
     199
     200
     212
     202
     194
     201
     175
     195
     186
     187
     184
     204
     200
     199
     222
     202
     193
     209
     181
     176
     192
     205
     176
     202
     205
     184
     193
     176
     207
     200
     191
     204
     177
     185
     199
     215
     177
     187
     155
     193
     187
     202
     193
     215
     201
     190
     182
     194
     172
     209
     199
     176
     187
     181
     180
     177
     180
     197
     180
     184
     184
     178
     190
     178
     189
     186
     187
     185
     191
     178
     187
     163
     169
     180
     180
     141
     174
     166
     138
     149
     171
     182
     161
     155
     158
     172
     167
     149
     146
     158
     136
     153
     170
     152
     135
     169
     174
     161
     162
     149
     145
     145
     149
     146
     149
     133
     117
     152
     131
     130
     142
     137
     133
     126
     134
     118
     123
     124
     143
     133
     140
     122
     127
     137
     126
     129
     127
     108
     109
     118
     131
     134
     128
     115
     114
     105
     122
     101
     115
     110
      88
     106
      97
      94
     114
     101
     115
     104
     106
     103
     104
     102
     116
     104
      89
      94
      90
     117
      81
      93
      93
      90
      96
      96
      87
      93
      93
      95
      90
      95
      77
      95
      76
      84
      92
      98
      98
      87
      80
      84
      83
      83
      75
      68
      87
      99
      84
      86
      73
      92
      78
      95
      93
      90
      81
      83
      73
      85
      73
      84
      78
      70
      80
      89
      83
      87
      80
      84
      84
      84
      62
      75
      80
      75
      88
      73
      82
      79
      71
      76
      71
      65
      72
      70
      99
      56
      81
      72
      73
      83
      67
      60
      77
      88
      66
      61
      71
      70
      67
      69
      71
      59
      69
      69
      75
      78
      87
      74
      80
      73
      72
      53
      67
      76
      66
      72
      89
      66
      66
      68
      84
      58
      67
      70
      75
      78
      65
      59
      58
      62
      61
      60
      62
      60
      60
      76
      83
      61
      71
      68
      65
      55
      66
      61
      53
      56
      76
      67
      66
      64
      65
      62
      65
      53
      67
      61
      66
      55
      51
      55
      65
      65
      62
      56
      52
      57
      49
      67
      60
      60
      66
      62
      77
      68
      57
      63
      62
      65
      49
      65
      59
      66
      51
      60
      80
      53
      56
      49
      62
      63
      51
      57
      44
      50
      64
      60
      63
      70
      69
      60
      62
      58
      58
      57
      59
      57
      63
      51
      59
      56
      61
      57
      42
      61
      58
      76
      79
      64
      52
      69
      78
      65
      78
      63
      58
      56
      56
      66
      60
      69
      66
      54
      67
      54
      53
      77
      63
      76
      58
      64
      65
      47
      58
      58
      71
      67
      61
      56
      57
      48
      46
      51
      65
      60
      64
      76
      59
      53
      52
      61
      74
      56
      69
      67
      61
      55
      60
      72
      69
      65
      65
      66
      59
      73
      62
      69
      58
      60
      59
      66
      65
      64
      90
      66
      70
      75
      77
      64
      76
      67
      72
      61
      59
      76
      67
      68
      78
      66
      76
      78
      77
      81
      78
      82
      81
      68
      77
      80
      87
      83
      89
      96
      81
      92
      65
      87
      93
      80
      77
      96
      82
      87
      95
      71
      99
      78
      83
      95
      90
      83
      93
      84
      93
     105
     109
     111
     101
      96
     100
     100
     126
     111
     120
     121
     125
     133
     146
     139
     142
     125
     148
     149
     154
     146
     157
     155
     151
     146
     144
     167
     151
     182
     176
     182
     176
     196
     197
     233
     195
     196
     204
     189
     243
     239
     230
     253
     244
     240
     244
     237
     257
     201
     262
     261
     297
     331
     299
     281
     313
     312
     271
     315
     301
     334
     339
     376
     349
     350
     383
     358
     390
     386
     377
     387
     462
     457
     449
     434
     455
     454
     456
     473
     439
     482
     503
     500
     511
     549
     569
     543
     543
     595
     637
     566
     630
     557
     583
     619
     622
     623
     636
     674
     713
     729
     677
     725
     679
     713
     745
     784
     768
     740
     771
     844
     761
     861
     804
     783
     807
     864
     828
     785
     838
     883
     861
     904
     876
     911
     911
     930
     881
     892
     962
     992
     938
     966
     947
     962
    1009
     960
     985
     981
     967
     997
    1069
     972
     966
    1063
    1038
    1012
    1045
     980
    1035
    1039
    1027
    1029
    1001
    1030
    1036
    1018
    1051
    1058
    1001
    1057
    1025
     968
    1012
    1005
    1016
     969
     929
    1018
    1038
     970
     934
     940
     927
     961
     977
     958
     942
     883
     870
     924
     951
     893
     915
     980
     827
     853
     869
     849
     814
     822
     828
     774
     856
     738
     770
     738
     771
     787
     752
     758
     717
     661
     697
     703
     699
     645
     654
     598
     618
     585
     590
     614
     537
     596
     554
     539
     509
     523
     446
     498
     491
     483
     471
     423
     427
     444
     458
     392
     363
     412
     377
     391
     400
     357
     362
     324
     313
     317
     286
     335
     284
     274
     272
     271
     258
     249
     251
     233
     203
     227
     208
     188
     185
     161
     189
     189
     159
     160
     163
     143
     158
     141
     134
     132
     127
     126
     105
     124
     107
     115
     105
     103
      83
     112
      88
      88
      81
      88
      75
      69
      54
      55
      68
      57
      58
      46
      64
      50
      50
      41
      34
      57
      36
      43
      37
      39
      53
      31
      29
      25
      21
      32
      20
      22
      23
      20
      31
      20
      17
      19
      21
      18
      15
      24
      22
      22
      13
      14
      19
      10
      12
      16
       8
      16
      16
      13
      10
      17
       4
      11
       9
       6
      10
       7
      11
       8
       7
       4
       9
       6
      10
      12
       6
      13
       3
      11
      12
       6
       6
       5
       3
      10
       3
       3
       4
       7
       6
       5
       3
       8
       7
       7
       7
       8
      11
       4
       8
       4
       9
      10
      11
       6
       5
       5
      12
       4
      10
      14
      10
       9
       5
       0
       0
       0
       0
       0
       0
       0
       0
       0
       0
       0
       0
       0
       0
       0
       0
       0
       0
       0
       0
       0
       0
       0
       0
       0
       0
       0
       0
       0
       0
       0
       0
$ROI:
0
$PRESETS:
None
0
0
$ENER_FIT:
0.000000 0.421939
$MCA_CAL:
3
0.000000E+000 4.219387E-001 0.000000E+000 keV
$SHAPE_CAL:
3
0.000000E+000 0.000000E+000 0.000000E+000
