$SPEC_ID:
Scatter
$SPEC_REM:
DET# 2
DETDESC# JLAB-11 MCB 133
AP# Maestro Version 7.01
$DATE_MEA:
03/11/2025 15:10:04
$MEAS_TIM:
434 442
$DATA:
0 2047
       0
       0
       0
       0
       0
       0
       0
       0
       0
       0
       0
       0
       0
       0
       0
       0
       0
       0
       0
       0
       0
       0
       0
       0
       0
       0
       0
       0
       0
       0
       0
       0
       0
       0
       0
       0
       0
       0
       0
       0
       0
       0
       0
       0
       0
       0
       0
       0
       0
       0
       0
       0
       0
       0
       0
       0
       0
       0
       0
       0
       0
       0
       0
       0
       0
       0
       0
       0
       0
       0
       0
       0
       0
       0
       0
       0
       0
      13
     205
     198
     231
     225
     186
     200
     214
     201
     195
     214
     247
     187
     199
     213
     211
     192
     193
     195
     195
     213
     223
     222
     228
     204
     206
     216
     186
     190
     200
     226
     225
     190
     202
     218
     219
     223
     190
     220
     220
     200
     187
     205
     218
     202
     225
     234
     213
     209
     208
     215
     217
     214
     227
     220
     206
     243
     242
     230
     201
     209
     205
     230
     222
     198
     228
     237
     232
     241
     216
     201
     206
     231
     254
     214
     210
     213
     231
     214
     280
     226
     255
     227
     238
     222
     245
     266
     246
     241
     244
     257
     245
     258
     254
     218
     258
     267
     258
     257
     251
     260
     266
     240
     223
     257
     297
     237
     263
     264
     287
     259
     275
     264
     261
     255
     274
     264
     265
     264
     244
     287
     290
     280
     330
     287
     298
     292
     296
     306
     323
     307
     290
     301
     327
     298
     323
     298
     319
     297
     291
     313
     327
     302
     354
     351
     345
     332
     322
     342
     358
     298
     326
     358
     317
     328
     355
     314
     339
     342
     319
     341
     336
     336
     318
     312
     336
     322
     306
     355
     342
     313
     322
     341
     324
     336
     311
     332
     312
     322
     331
     336
     344
     366
     314
     332
     323
     340
     321
     343
     339
     309
     362
     316
     322
     336
     320
     345
     316
     340
     344
     334
     329
     330
     337
     357
     363
     332
     324
     316
     343
     320
     343
     359
     330
     305
     345
     339
     349
     351
     345
     331
     361
     338
     320
     333
     305
     349
     341
     357
     328
     340
     347
     329
     365
     321
     340
     330
     321
     321
     354
     329
     335
     359
     342
     292
     326
     340
     325
     368
     367
     346
     358
     345
     372
     368
     354
     362
     336
     360
     362
     313
     343
     368
     355
     338
     360
     360
     331
     393
     362
     342
     357
     341
     299
     382
     367
     326
     337
     376
     371
     351
     330
     348
     371
     310
     325
     357
     365
     341
     346
     335
     361
     334
     342
     346
     347
     363
     344
     332
     321
     330
     319
     384
     330
     386
     336
     357
     366
     344
     362
     351
     362
     338
     331
     327
     343
     356
     370
     307
     348
     328
     321
     337
     330
     345
     337
     349
     317
     316
     359
     330
     321
     383
     338
     334
     333
     333
     350
     309
     332
     351
     369
     352
     363
     349
     338
     350
     366
     331
     353
     334
     319
     322
     291
     335
     333
     351
     333
     369
     341
     334
     367
     351
     324
     335
     316
     319
     290
     344
     275
     329
     353
     314
     324
     334
     332
     323
     318
     351
     347
     341
     322
     351
     350
     342
     338
     340
     306
     335
     341
     316
     354
     359
     337
     360
     322
     315
     323
     352
     302
     364
     303
     329
     360
     322
     331
     344
     348
     335
     322
     356
     321
     370
     312
     308
     342
     305
     340
     301
     344
     380
     341
     361
     354
     359
     345
     362
     353
     356
     330
     372
     369
     334
     335
     408
     340
     360
     362
     357
     371
     379
     388
     347
     366
     365
     357
     379
     382
     393
     406
     340
     412
     379
     398
     347
     373
     367
     351
     385
     366
     362
     371
     379
     353
     406
     378
     394
     366
     401
     380
     358
     358
     369
     402
     361
     391
     380
     343
     354
     357
     356
     364
     381
     372
     310
     403
     362
     362
     339
     327
     385
     380
     374
     337
     365
     371
     333
     356
     387
     364
     353
     376
     379
     379
     359
     371
     329
     379
     349
     362
     360
     323
     342
     349
     330
     327
     370
     309
     379
     329
     347
     357
     305
     330
     335
     329
     318
     339
     365
     316
     356
     325
     317
     342
     332
     309
     344
     326
     302
     364
     332
     328
     325
     305
     344
     333
     315
     296
     301
     359
     306
     342
     324
     328
     338
     322
     308
     340
     333
     323
     301
     306
     292
     303
     333
     303
     341
     268
     291
     323
     319
     316
     307
     328
     292
     282
     284
     322
     313
     322
     341
     296
     329
     291
     337
     304
     304
     301
     307
     306
     300
     315
     325
     288
     278
     285
     282
     310
     288
     311
     292
     280
     282
     305
     266
     288
     270
     292
     244
     270
     278
     257
     299
     292
     257
     284
     261
     266
     296
     274
     275
     275
     285
     267
     322
     293
     304
     249
     273
     258
     274
     270
     291
     261
     257
     265
     297
     295
     260
     299
     248
     279
     265
     274
     254
     254
     316
     273
     281
     242
     258
     243
     252
     289
     265
     278
     299
     278
     246
     269
     266
     252
     262
     287
     261
     285
     271
     272
     245
     246
     267
     241
     237
     277
     247
     238
     241
     239
     272
     277
     260
     241
     250
     240
     234
     268
     234
     277
     242
     255
     246
     251
     251
     231
     259
     268
     264
     262
     261
     275
     253
     273
     225
     249
     189
     254
     243
     255
     247
     274
     233
     234
     223
     228
     265
     249
     259
     273
     280
     246
     269
     241
     261
     246
     259
     245
     246
     227
     269
     229
     235
     250
     247
     226
     237
     275
     250
     248
     262
     232
     244
     208
     227
     235
     261
     237
     242
     240
     246
     245
     229
     251
     269
     249
     236
     231
     229
     255
     238
     231
     254
     240
     260
     252
     234
     248
     250
     222
     225
     246
     223
     227
     218
     245
     251
     240
     239
     241
     275
     226
     248
     256
     253
     246
     233
     245
     226
     253
     205
     232
     222
     219
     234
     238
     236
     216
     241
     230
     242
     235
     249
     226
     249
     216
     237
     222
     233
     232
     240
     263
     235
     259
     254
     220
     234
     239
     258
     231
     209
     264
     249
     224
     216
     206
     233
     220
     250
     229
     211
     236
     219
     240
     261
     224
     234
     254
     248
     261
     248
     246
     211
     234
     233
     225
     233
     220
     255
     235
     232
     224
     235
     236
     203
     253
     261
     254
     223
     230
     255
     203
     239
     234
     239
     222
     265
     240
     258
     214
     252
     241
     257
     224
     209
     258
     242
     231
     252
     250
     266
     257
     239
     256
     251
     228
     236
     235
     253
     208
     205
     219
     220
     246
     237
     235
     249
     252
     234
     218
     220
     203
     246
     229
     214
     221
     227
     234
     245
     241
     249
     238
     224
     214
     227
     225
     225
     254
     222
     214
     210
     243
     242
     220
     236
     225
     219
     225
     260
     231
     222
     216
     208
     249
     228
     220
     220
     248
     213
     224
     221
     213
     218
     204
     252
     239
     229
     244
     239
     240
     222
     252
     235
     209
     233
     241
     252
     249
     219
     260
     213
     225
     205
     215
     253
     222
     214
     236
     219
     228
     212
     228
     230
     193
     206
     230
     251
     222
     246
     250
     244
     229
     220
     226
     257
     218
     243
     235
     244
     218
     230
     246
     241
     220
     237
     264
     210
     217
     211
     227
     206
     240
     225
     207
     240
     225
     275
     242
     230
     253
     233
     252
     246
     237
     244
     226
     249
     237
     246
     231
     226
     214
     225
     228
     253
     259
     253
     232
     258
     250
     249
     244
     220
     249
     242
     252
     215
     245
     250
     240
     240
     224
     249
     228
     256
     225
     259
     226
     222
     272
     251
     248
     221
     248
     274
     243
     243
     248
     238
     228
     242
     265
     241
     228
     247
     233
     214
     253
     231
     224
     243
     215
     257
     233
     250
     242
     199
     237
     257
     263
     249
     230
     231
     232
     229
     236
     269
     256
     210
     237
     225
     218
     232
     229
     245
     268
     223
     231
     233
     219
     241
     221
     221
     234
     229
     237
     248
     192
     226
     229
     221
     264
     237
     224
     247
     265
     223
     251
     199
     229
     223
     231
     232
     248
     232
     217
     253
     211
     247
     211
     228
     240
     239
     222
     241
     206
     223
     225
     229
     215
     196
     237
     218
     230
     205
     210
     243
     210
     208
     227
     240
     221
     209
     218
     183
     194
     209
     198
     172
     183
     202
     198
     180
     206
     196
     210
     198
     202
     196
     181
     191
     178
     198
     180
     189
     196
     159
     170
     176
     167
     179
     183
     168
     178
     180
     167
     169
     170
     170
     159
     169
     154
     170
     165
     153
     161
     159
     163
     146
     170
     136
     137
     165
     141
     166
     143
     155
     132
     131
     140
     150
     143
     141
     150
     119
     124
     139
     144
     144
     128
     141
     139
     131
     114
     136
     124
     132
     149
     133
     118
     123
     109
     137
     110
     116
     120
     114
     126
     120
     114
     100
     129
     116
     134
     135
     124
     127
     101
     114
     124
      93
     110
     123
     126
      95
      91
      96
      96
      91
      91
     110
      97
      98
     106
      89
      84
      98
     103
     120
      91
      98
      89
     100
     105
     105
     109
      99
     104
      96
     106
     106
      87
     102
      99
     106
     108
      87
      98
     115
     106
      90
      90
      84
      87
      95
      87
     101
      86
      99
      98
     102
      81
      93
      94
      92
      84
      85
      66
      89
      85
      79
      80
      94
      89
      98
      92
      92
      98
      77
      82
      87
      87
      90
      75
      93
      81
      85
      78
      82
      93
      82
      91
      70
      95
      99
      88
      75
      80
      83
      73
      82
      86
      77
      95
      84
      82
      84
      65
      74
      87
      88
      84
      73
      96
      74
      76
      71
      85
      69
      66
      85
      74
      63
      63
      73
      74
      74
      78
      64
      64
      72
      77
      81
      56
      78
      81
      64
      67
      65
      76
      76
      69
      65
      71
      63
      71
      67
      83
      68
      68
      67
      60
      85
      80
      57
      81
      83
      84
      70
      80
      78
      61
      67
      61
      74
      73
      64
      75
      75
      73
      71
      73
      79
      51
      69
      78
      56
      64
      68
      65
      75
      79
      74
      54
      69
      72
      59
      69
      49
      61
      64
      74
      77
      87
      76
      65
      70
      62
      67
      66
      59
      70
      62
      76
      65
      60
      71
      71
      64
      72
      66
      75
      74
      70
      74
      78
      67
      81
      71
      63
      68
      76
      72
      68
      83
      61
      82
      66
      57
      63
      85
      59
      72
      82
      83
      76
      83
      85
      81
      75
      78
      70
      80
      61
      81
      76
      74
      74
      78
      64
      74
      65
      71
      72
      82
      73
      69
      75
      80
      85
      65
      86
      85
      86
      79
     104
      80
      71
      73
      82
      63
      81
      81
      85
      93
      62
      90
      78
      68
      92
      73
      91
      97
      83
      88
      75
      99
      88
      89
      82
      84
      75
     111
      93
      87
     106
      93
      75
      93
     106
      87
      98
      96
      93
      93
      91
     107
      95
      97
      94
     106
      98
      96
      89
     114
     109
     114
     131
     115
     145
     124
     116
      93
     117
     121
     144
     134
     115
     137
     141
     144
     148
     141
     160
     148
     143
     144
     151
     169
     156
     143
     160
     171
     185
     192
     209
     209
     203
     200
     187
     205
     208
     237
     215
     204
     217
     242
     227
     250
     258
     260
     248
     256
     282
     283
     320
     293
     298
     290
     311
     339
     351
     329
     316
     370
     346
     344
     391
     375
     377
     396
     370
     415
     428
     421
     424
     450
     443
     439
     463
     456
     476
     491
     510
     506
     513
     497
     530
     565
     527
     572
     618
     605
     607
     581
     632
     660
     650
     643
     692
     640
     713
     723
     674
     700
     732
     792
     758
     800
     789
     781
     824
     820
     837
     877
     849
     854
     904
     922
     844
     924
     916
     935
     956
     984
     934
     993
    1002
     992
    1050
    1036
    1067
    1064
    1017
    1024
    1004
    1100
    1118
    1073
    1132
    1127
    1106
    1122
    1137
    1159
    1081
    1129
    1221
    1123
    1102
    1206
    1173
    1228
    1166
    1147
    1208
    1224
    1121
    1118
    1284
    1209
    1220
    1206
    1196
    1173
    1208
    1176
    1167
    1163
    1202
    1194
    1179
    1307
    1214
    1231
    1177
    1182
    1156
    1141
    1151
    1156
    1127
    1134
    1171
    1160
    1130
    1108
    1163
    1093
    1131
    1060
    1073
    1008
    1027
    1031
    1027
    1031
     967
     988
    1046
     908
     972
     935
     946
     887
     970
     889
     924
     866
     864
     862
     814
     818
     844
     797
     800
     723
     774
     771
     721
     723
     680
     681
     675
     681
     656
     614
     594
     604
     608
     564
     562
     544
     507
     514
     525
     507
     465
     482
     456
     499
     431
     436
     471
     405
     407
     354
     381
     386
     328
     355
     325
     332
     308
     278
     289
     290
     285
     249
     267
     223
     229
     233
     221
     226
     198
     194
     191
     182
     185
     175
     177
     173
     150
     158
     166
     147
     156
     122
     134
     126
     107
     124
     118
     111
     101
     100
      93
      97
      83
      68
      97
      86
      61
      61
      69
      74
      53
      67
      61
      44
      53
      48
      55
      51
      61
      34
      45
      30
      46
      34
      28
      40
      29
      27
      33
      26
      20
      24
      19
      25
      29
      19
      21
      21
      13
      19
      15
      20
      23
      16
      16
      14
      13
      11
      10
      12
      12
      14
      14
      10
      13
      12
      12
      10
      13
       8
      12
      10
      15
       5
      15
      11
      15
      15
      11
      11
       6
      10
       7
       9
       8
       9
       6
       8
       6
       8
       7
      13
      11
       5
       6
      11
       7
       9
       6
       8
      13
       9
       5
      11
       8
       7
       8
      10
       9
       7
       7
       6
       8
      10
       0
       0
       0
       0
       0
       0
       0
       0
       0
       0
       0
       0
       0
       0
       0
       0
       0
       0
       0
       0
       0
       0
       0
       0
       0
       0
       0
       0
       0
       0
       0
       0
$ROI:
0
$PRESETS:
None
0
0
$ENER_FIT:
0.000000 0.421939
$MCA_CAL:
3
0.000000E+000 4.219387E-001 0.000000E+000 keV
$SHAPE_CAL:
3
0.000000E+000 0.000000E+000 0.000000E+000
