$SPEC_ID:
Recoil
$SPEC_REM:
DET# 3
DETDESC# JLAB-11 MCB 134
AP# Maestro Version 7.01
$DATE_MEA:
03/06/2025 16:34:08
$MEAS_TIM:
457 472
$DATA:
0 2047
       0
       0
       0
       0
       0
       0
     496
  165805
   63755
    2118
    1983
    1484
    1487
    1456
    1447
    1386
    1363
    1278
    1162
    1024
     829
     662
     622
     483
     372
     328
     306
     312
     282
     282
     256
     261
     276
     267
     274
     278
     241
     254
     294
     245
     279
     250
     294
     261
     284
     276
     304
     318
     288
     272
     318
     301
     308
     315
     284
     314
     330
     330
     312
     333
     357
     322
     357
     407
     427
     398
     420
     491
     474
     560
     580
     651
     714
     780
     865
     981
    1168
    1298
    1487
    1792
    2117
    2374
    2863
    3202
    3618
    4161
    4756
    5360
    6192
    6614
    7385
    8329
    8626
    9129
    9661
    9882
   10178
   10477
   10354
   10242
    9698
    9389
    8817
    8271
    7744
    7084
    6500
    5833
    5142
    4523
    4088
    3444
    3124
    2615
    2392
    2039
    1737
    1511
    1325
    1109
     937
     849
     812
     666
     593
     529
     488
     439
     439
     408
     367
     398
     358
     362
     358
     349
     387
     387
     414
     423
     369
     347
     467
     424
     451
     453
     453
     492
     507
     491
     535
     583
     583
     554
     569
     600
     675
     682
     659
     668
     616
     727
     713
     743
     742
     697
     718
     734
     696
     663
     668
     692
     606
     606
     669
     617
     615
     584
     622
     582
     601
     553
     588
     600
     574
     574
     594
     601
     640
     626
     616
     602
     644
     680
     672
     656
     707
     736
     688
     707
     682
     660
     745
     797
     785
     695
     791
     786
     797
     776
     797
     792
     820
     786
     814
     843
     810
     893
     920
     931
     937
     922
     994
    1048
    1078
    1093
    1147
    1164
    1194
    1312
    1413
    1397
    1477
    1567
    1567
    1700
    1779
    1879
    1900
    2066
    2173
    2168
    2361
    2393
    2560
    2641
    2594
    2675
    2669
    2774
    2775
    2779
    2766
    2750
    2829
    2676
    2677
    2690
    2690
    2460
    2494
    2237
    2193
    2026
    1994
    1864
    1676
    1540
    1517
    1380
    1288
    1196
    1101
     973
     940
     869
     765
     671
     688
     609
     603
     571
     510
     487
     465
     461
     450
     444
     387
     407
     400
     393
     421
     382
     397
     386
     385
     361
     403
     362
     390
     368
     417
     366
     387
     426
     400
     402
     381
     413
     373
     373
     397
     377
     407
     383
     374
     399
     418
     388
     411
     408
     430
     392
     404
     392
     375
     411
     394
     444
     471
     451
     408
     458
     422
     475
     453
     456
     466
     453
     457
     439
     427
     460
     412
     428
     415
     402
     409
     420
     441
     433
     425
     405
     388
     421
     450
     443
     437
     429
     396
     417
     403
     433
     398
     443
     435
     446
     418
     420
     457
     384
     437
     441
     435
     445
     397
     408
     403
     431
     416
     426
     389
     470
     422
     423
     429
     428
     424
     422
     455
     460
     440
     439
     471
     444
     431
     464
     381
     410
     478
     457
     434
     440
     434
     456
     467
     460
     468
     455
     447
     468
     413
     464
     495
     458
     467
     443
     448
     430
     487
     448
     485
     474
     485
     480
     490
     525
     517
     482
     503
     498
     462
     525
     483
     457
     461
     492
     487
     543
     495
     494
     486
     523
     513
     484
     565
     466
     517
     552
     516
     479
     524
     535
     548
     534
     544
     559
     533
     529
     538
     515
     524
     568
     534
     475
     536
     535
     515
     519
     558
     528
     542
     542
     566
     523
     555
     520
     532
     515
     543
     538
     564
     532
     574
     531
     539
     504
     505
     539
     533
     541
     573
     541
     499
     490
     510
     528
     533
     516
     551
     483
     478
     494
     456
     444
     531
     488
     519
     488
     486
     480
     478
     484
     489
     472
     460
     466
     479
     438
     480
     474
     451
     459
     480
     441
     481
     504
     427
     479
     472
     414
     437
     492
     453
     430
     435
     451
     429
     457
     462
     468
     435
     461
     462
     402
     458
     436
     425
     432
     431
     420
     373
     435
     468
     455
     460
     445
     433
     428
     433
     437
     448
     405
     386
     402
     412
     425
     418
     431
     418
     391
     454
     399
     429
     439
     432
     443
     410
     401
     429
     438
     435
     383
     412
     375
     379
     411
     376
     406
     424
     358
     382
     404
     409
     363
     375
     398
     384
     372
     410
     358
     354
     348
     383
     377
     373
     364
     361
     360
     357
     380
     332
     339
     351
     375
     360
     376
     358
     355
     391
     351
     333
     353
     372
     356
     350
     385
     335
     372
     339
     345
     317
     302
     306
     323
     322
     322
     371
     294
     337
     309
     313
     364
     328
     323
     322
     361
     345
     317
     287
     340
     315
     315
     324
     262
     349
     339
     313
     317
     286
     324
     314
     281
     310
     310
     290
     300
     314
     275
     322
     304
     303
     285
     316
     282
     297
     277
     294
     294
     298
     278
     292
     274
     288
     312
     297
     299
     296
     272
     287
     276
     301
     275
     280
     270
     235
     302
     287
     265
     247
     259
     231
     237
     273
     284
     254
     227
     277
     291
     262
     271
     276
     240
     234
     258
     251
     274
     258
     264
     277
     254
     255
     233
     278
     276
     256
     296
     241
     231
     261
     259
     234
     257
     277
     269
     241
     254
     253
     271
     292
     276
     260
     279
     249
     275
     249
     268
     262
     270
     279
     257
     278
     259
     255
     302
     289
     302
     306
     283
     293
     289
     320
     310
     317
     282
     308
     319
     314
     311
     315
     285
     329
     332
     340
     350
     343
     313
     348
     339
     381
     327
     300
     337
     381
     349
     352
     367
     365
     365
     352
     368
     340
     381
     337
     365
     388
     382
     379
     346
     368
     380
     365
     384
     380
     402
     359
     378
     420
     360
     413
     414
     387
     409
     379
     386
     419
     397
     407
     400
     458
     401
     427
     429
     422
     385
     430
     403
     439
     427
     398
     447
     413
     426
     443
     431
     462
     455
     437
     452
     462
     482
     508
     508
     444
     470
     488
     495
     469
     523
     516
     473
     457
     544
     450
     487
     515
     497
     487
     450
     510
     463
     512
     485
     502
     568
     499
     460
     463
     522
     550
     500
     504
     483
     490
     531
     508
     507
     506
     491
     485
     484
     461
     492
     503
     493
     503
     477
     480
     488
     474
     472
     461
     456
     465
     436
     460
     433
     453
     441
     450
     414
     393
     359
     433
     402
     398
     395
     369
     391
     367
     356
     344
     383
     342
     366
     350
     357
     331
     342
     371
     309
     314
     345
     327
     309
     321
     323
     328
     309
     313
     324
     334
     308
     311
     318
     335
     312
     367
     345
     296
     337
     350
     329
     316
     334
     363
     323
     345
     360
     385
     369
     389
     370
     379
     388
     369
     465
     406
     420
     410
     436
     485
     485
     462
     476
     485
     526
     538
     550
     503
     556
     576
     617
     562
     583
     567
     615
     658
     646
     622
     727
     713
     767
     673
     713
     680
     764
     728
     738
     771
     781
     807
     786
     789
     809
     770
     866
     871
     825
     870
     892
     857
     896
     926
     875
     910
     896
     941
     913
     974
     925
     964
     953
     955
     926
     924
    1050
     937
     949
    1015
     938
    1032
     938
     965
     974
     925
     909
     925
     951
     946
     970
     904
     980
     984
     929
     975
     926
     912
     896
     957
     923
     866
     894
     904
     818
     839
     879
     830
     788
     752
     751
     777
     787
     794
     734
     735
     728
     758
     720
     723
     645
     658
     659
     679
     613
     676
     608
     593
     599
     556
     590
     585
     539
     527
     516
     509
     497
     497
     497
     452
     417
     452
     465
     412
     428
     419
     433
     431
     353
     360
     327
     339
     359
     369
     348
     340
     311
     328
     313
     335
     289
     292
     331
     293
     261
     304
     310
     275
     260
     269
     298
     238
     247
     280
     229
     248
     220
     216
     218
     223
     217
     215
     226
     208
     212
     223
     219
     228
     197
     203
     172
     187
     166
     153
     193
     156
     178
     179
     166
     162
     163
     170
     163
     183
     152
     155
     156
     155
     145
     150
     152
     135
     152
     150
     128
     113
     140
     119
     147
     121
     113
     129
     121
     110
     131
     117
     102
     120
     104
     117
     120
     100
     121
     112
      92
     122
      99
     108
     102
     114
     112
      99
      91
     113
     113
     101
      85
     103
      98
      97
     104
      89
     101
      93
      93
      98
     114
      86
      92
     104
     101
      81
      93
      91
      94
      86
      81
     100
      94
      94
     104
      79
      99
      91
      76
      95
      90
     105
     101
      86
      91
      86
      78
      84
      89
      76
      92
      81
      77
      78
      81
     104
      80
      85
      87
      77
      79
      97
      91
      80
      76
      70
      74
      78
      92
      88
      84
      78
      83
      91
      89
      94
      82
      77
      93
      73
      89
      73
     100
      69
      70
      70
      78
      91
      79
      77
      79
      76
      73
      77
      85
      63
      68
      64
      62
      69
      71
      72
      71
      74
      59
      57
      83
      73
      69
      66
      61
      74
      57
      65
      67
      69
      49
      63
      59
      69
      54
      79
      76
      61
      60
      59
      58
      69
      60
      55
      54
      52
      42
      54
      36
      67
      59
      51
      47
      53
      69
      54
      57
      72
      53
      61
      56
      59
      44
      46
      46
      45
      64
      48
      44
      57
      33
      57
      57
      46
      43
      41
      44
      48
      44
      39
      51
      56
      54
      43
      47
      42
      41
      42
      46
      47
      46
      48
      50
      39
      43
      54
      48
      40
      42
      40
      37
      34
      44
      44
      40
      47
      42
      39
      43
      44
      42
      30
      34
      48
      43
      40
      44
      46
      45
      43
      30
      51
      47
      38
      39
      46
      37
      44
      39
      40
      41
      42
      44
      38
      38
      35
      29
      33
      30
      31
      38
      46
      37
      31
      40
      28
      31
      33
      32
      30
      34
      32
      44
      33
      42
      38
      32
      38
      33
      32
      34
      29
      29
      46
      38
      33
      36
      40
      33
      28
      33
      33
      21
      38
      25
      29
      36
      38
      34
      39
      41
      40
      31
      30
      32
      26
      27
      30
      29
      37
      48
      30
      26
      33
      41
      36
      37
      31
      37
      32
      32
      33
      21
      28
      32
      27
      34
      34
      36
      31
      24
      40
      37
      25
      41
      34
      27
      30
      38
      33
      25
      36
      29
      24
      21
      26
      38
      49
      40
      37
      39
      37
      32
      28
      26
      28
      35
      26
      39
      27
      41
      29
      29
      39
      27
      28
      28
      34
      37
      39
      27
      28
      34
      32
      23
      32
      29
      31
      25
      29
      30
      30
      29
      28
      23
      26
      30
      26
      25
      30
      30
      29
      41
      24
      32
      36
      23
      39
      26
      29
      26
      27
      38
      26
      32
      28
      30
      37
      19
      30
      31
      31
      32
      22
      19
      23
      33
      30
      20
      35
      23
      36
      26
      32
      29
      35
      37
      35
      34
      29
      46
      29
      34
      39
      27
      38
      37
      36
      22
      28
      35
      37
      34
      35
      36
      33
      37
      30
      35
      38
      32
      34
      35
      24
      39
      26
      29
      35
      36
      34
      35
      40
      39
      33
      41
      40
      31
      30
      35
      36
      40
      31
      32
      24
      38
      42
      42
      42
      41
      43
      37
      31
      52
      29
      37
      40
      29
      31
      38
      29
      36
      37
      39
      34
      40
      45
      40
      37
      28
      51
      39
      38
      57
      45
      43
      52
      44
      54
      42
      38
      39
      39
      46
      51
      38
      46
      35
      40
      65
      42
      54
      56
      55
      51
      49
      48
      49
      49
      58
      49
      54
      61
      58
      39
      61
      53
      52
      45
      78
      50
      52
      62
      71
      48
      59
      68
      61
      64
      54
      71
      65
      82
      74
      68
      64
      64
      65
      73
      64
      74
      96
      84
      76
      89
      74
      98
      75
      96
      74
      89
     111
     100
     106
     105
     113
     119
      88
      93
     100
     132
     119
     112
     101
     115
     121
     125
     104
     125
     110
     139
     136
     135
     151
     135
     144
     146
     137
     146
     156
     146
     146
     159
     144
     171
     185
     183
     177
     169
     166
     186
     164
     185
     198
     202
     188
     231
     204
     219
     213
     217
     213
     224
     226
     234
     212
     234
     248
     247
     233
     261
     276
     244
     283
     275
     274
     301
     297
     286
     297
     287
     296
     289
     335
     332
     290
     301
     317
     311
     343
     319
     311
     380
     330
     382
     348
     369
     346
     330
     347
     335
     358
     345
     366
     376
     341
     325
     349
     370
     367
     352
     379
     376
     375
     400
     363
     340
     371
     365
     370
     394
     386
     382
     390
     370
     370
     390
     403
     436
     402
     383
     382
     373
     370
     368
     383
     383
     360
     359
     349
     347
     331
     367
     359
     347
     371
     335
     360
     355
     355
     384
     353
     361
     363
     339
     343
     326
     353
     308
     331
     318
     280
     310
     332
     352
     319
     264
     279
     286
     287
     277
     264
     285
     283
     259
     286
     246
     281
     277
     247
     245
     252
     245
     251
     206
     222
     229
     204
     187
     215
     193
     221
     205
     222
     185
     183
     215
     178
     171
     161
     158
     173
     153
     160
     150
     148
     147
     133
     126
     163
     120
     125
     135
     111
     111
     131
     107
     104
     108
      94
     103
     101
      83
      77
      74
      92
      76
      76
      80
      71
      73
      79
      71
      62
      60
      54
      63
      55
      62
      56
      61
      52
      61
      32
      44
      46
      44
      44
      47
      42
      39
      42
      29
      35
      43
      37
      30
      26
      25
      30
      34
      36
      18
      28
      26
      28
      14
      26
      27
      24
      20
      23
      26
      23
      18
      18
      17
      20
      13
      11
      15
      14
      19
       9
      14
      14
      16
      14
      14
      15
       9
      14
      11
      14
       5
      10
      11
      12
      19
       9
       3
      13
      10
      17
       5
       8
      12
       7
      10
       8
       8
      11
       9
       5
       0
       0
       0
       0
       0
       0
       0
       0
       0
       0
       0
       0
       0
       0
       0
       0
       0
       0
       0
       0
       0
       0
       0
       0
       0
       0
       0
       0
       0
       0
       0
       0
$ROI:
0
$PRESETS:
None
0
0
$ENER_FIT:
0.000000 0.722271
$MCA_CAL:
3
0.000000E+000 7.222707E-001 0.000000E+000 keV
$SHAPE_CAL:
3
0.000000E+000 0.000000E+000 0.000000E+000
