$SPEC_ID:
Recoil
$SPEC_REM:
DET# 3
DETDESC# JLAB-11 MCB 134
AP# Maestro Version 7.01
$DATE_MEA:
03/06/2025 16:34:08
$MEAS_TIM:
340 457
$DATA:
0 2047
       0
       0
       0
       0
       5
      17
    1136
 1829047
 1063613
  180999
  189280
  137043
  110926
   91784
   75504
   61749
   49834
   40169
   31841
   24925
   19727
   15471
   12024
    9362
    7322
    5735
    4588
    3701
    3063
    2733
    2289
    2084
    1946
    1725
    1754
    1643
    1611
    1599
    1609
    1575
    1569
    1555
    1582
    1562
    1489
    1486
    1590
    1533
    1519
    1567
    1551
    1577
    1461
    1555
    1572
    1560
    1554
    1639
    1624
    1624
    1676
    1550
    1627
    1624
    1683
    1639
    1607
    1620
    1638
    1590
    1589
    1683
    1650
    1723
    1653
    1688
    1741
    1793
    1837
    1774
    1822
    1782
    1892
    1842
    1990
    1993
    1990
    2103
    2224
    2212
    2173
    2306
    2377
    2418
    2520
    2533
    2434
    2489
    2543
    2420
    2430
    2375
    2250
    2241
    2304
    2243
    2171
    2063
    2032
    2029
    1989
    1945
    1875
    1889
    1952
    1900
    1803
    1780
    1784
    1740
    1778
    1735
    1709
    1688
    1705
    1653
    1725
    1685
    1677
    1754
    1704
    1760
    1715
    1677
    1673
    1725
    1732
    1630
    1706
    1677
    1679
    1656
    1649
    1649
    1651
    1743
    1746
    1728
    1649
    1761
    1793
    1772
    1782
    1672
    1726
    1748
    1698
    1730
    1719
    1759
    1757
    1746
    1701
    1756
    1711
    1732
    1789
    1809
    1765
    1768
    1728
    1745
    1801
    1771
    1780
    1825
    1790
    1752
    1830
    1803
    1806
    1689
    1779
    1837
    1747
    1847
    1761
    1760
    1800
    1835
    1781
    1741
    1856
    1812
    1852
    1823
    1831
    1863
    1833
    1779
    1880
    1841
    1854
    1905
    1875
    1868
    1832
    1833
    1867
    1813
    1814
    1852
    1769
    1937
    1925
    2002
    1888
    1897
    1867
    1995
    1923
    1964
    1951
    2001
    1871
    2001
    1958
    1920
    1984
    1931
    2027
    2099
    1963
    2021
    2033
    2003
    2052
    2062
    2104
    2003
    2022
    2046
    2160
    2124
    2153
    2083
    2097
    2166
    2098
    2200
    2235
    2086
    2150
    2101
    2108
    2148
    2208
    2177
    2134
    2108
    2177
    2098
    2188
    2197
    2108
    2039
    2084
    2007
    2097
    1964
    2157
    2022
    2033
    2057
    2026
    2101
    2098
    2045
    2064
    2053
    2014
    1968
    1991
    2024
    1953
    1996
    1929
    1945
    2029
    1946
    2019
    2066
    1967
    2081
    2006
    2039
    2045
    1991
    1908
    2042
    2099
    2029
    2001
    2046
    2114
    2031
    1901
    2117
    2085
    2034
    2099
    2028
    2149
    2015
    2092
    2069
    2145
    2057
    2077
    2065
    2112
    2180
    2105
    2119
    2140
    2134
    2136
    2119
    2159
    2186
    2162
    2134
    2221
    2150
    2186
    2116
    2177
    2227
    2167
    2134
    2226
    2300
    2219
    2160
    2171
    2143
    2190
    2132
    2241
    2182
    2256
    2267
    2201
    2292
    2267
    2196
    2276
    2261
    2219
    2299
    2310
    2192
    2266
    2225
    2237
    2307
    2224
    2262
    2396
    2280
    2220
    2351
    2389
    2295
    2283
    2277
    2336
    2313
    2281
    2290
    2406
    2349
    2300
    2433
    2348
    2404
    2345
    2485
    2322
    2410
    2334
    2317
    2340
    2401
    2316
    2375
    2331
    2403
    2318
    2311
    2308
    2306
    2317
    2284
    2411
    2358
    2280
    2321
    2346
    2218
    2410
    2310
    2344
    2299
    2295
    2373
    2367
    2332
    2360
    2458
    2358
    2400
    2433
    2469
    2399
    2434
    2378
    2450
    2354
    2485
    2357
    2376
    2459
    2403
    2430
    2383
    2432
    2397
    2395
    2403
    2364
    2350
    2402
    2378
    2447
    2498
    2369
    2405
    2441
    2459
    2445
    2533
    2468
    2431
    2506
    2432
    2388
    2584
    2484
    2514
    2486
    2464
    2383
    2481
    2552
    2589
    2420
    2573
    2556
    2516
    2574
    2482
    2523
    2454
    2492
    2564
    2483
    2541
    2517
    2538
    2521
    2508
    2518
    2545
    2549
    2597
    2609
    2669
    2614
    2680
    2657
    2620
    2687
    2684
    2630
    2698
    2753
    2759
    2874
    2721
    2635
    2694
    2786
    2759
    2792
    2744
    2832
    2858
    2922
    2835
    2867
    2854
    2799
    2736
    2895
    2931
    2817
    2940
    2915
    2944
    2930
    2839
    2945
    3081
    2944
    3115
    3081
    3008
    3024
    2973
    3099
    3112
    3047
    3085
    3032
    2993
    3114
    3058
    3119
    3228
    3029
    3099
    3028
    3142
    3102
    3196
    3098
    3164
    3194
    3074
    3188
    3170
    3069
    3181
    3116
    3158
    3184
    3072
    3114
    3068
    3069
    3057
    3111
    3050
    3117
    3143
    3151
    3100
    3078
    3087
    3049
    3047
    2962
    3006
    3020
    3030
    3001
    3112
    3041
    2980
    3020
    2988
    2914
    2970
    3048
    2965
    2957
    2936
    3015
    3023
    2878
    3090
    2878
    2915
    2986
    2953
    2890
    2849
    2996
    2974
    2865
    2892
    2913
    2942
    2727
    2901
    2899
    2852
    2890
    2862
    2781
    2872
    2936
    2787
    2819
    2834
    2783
    2843
    2696
    2798
    2800
    2893
    2775
    2826
    2799
    2800
    2677
    2703
    2766
    2780
    2823
    2769
    2803
    2898
    2713
    2796
    2832
    2750
    2761
    2762
    2853
    2738
    2898
    2759
    2731
    2774
    2734
    2771
    2691
    2745
    2608
    2654
    2671
    2738
    2690
    2702
    2719
    2736
    2693
    2776
    2739
    2728
    2708
    2682
    2559
    2698
    2608
    2751
    2678
    2658
    2647
    2624
    2678
    2613
    2610
    2599
    2663
    2588
    2670
    2691
    2657
    2661
    2629
    2517
    2573
    2521
    2544
    2611
    2626
    2596
    2585
    2542
    2517
    2615
    2537
    2513
    2490
    2536
    2524
    2484
    2415
    2605
    2497
    2438
    2521
    2443
    2547
    2496
    2517
    2588
    2587
    2492
    2480
    2516
    2538
    2519
    2433
    2436
    2542
    2435
    2408
    2445
    2449
    2494
    2473
    2495
    2438
    2408
    2438
    2365
    2433
    2398
    2365
    2425
    2384
    2376
    2329
    2425
    2382
    2249
    2305
    2348
    2334
    2277
    2396
    2463
    2357
    2252
    2467
    2294
    2317
    2250
    2271
    2297
    2348
    2332
    2258
    2304
    2384
    2362
    2324
    2323
    2301
    2345
    2287
    2251
    2280
    2193
    2306
    2282
    2351
    2375
    2262
    2311
    2289
    2326
    2253
    2251
    2313
    2283
    2271
    2135
    2243
    2315
    2183
    2125
    2233
    2262
    2243
    2175
    2279
    2264
    2238
    2220
    2102
    2226
    2156
    2174
    2172
    2229
    2217
    2101
    2169
    2273
    2156
    2170
    2211
    2185
    2130
    2169
    2152
    2093
    2166
    2183
    2169
    2199
    2193
    2153
    2176
    2182
    2217
    2249
    2155
    2188
    2008
    2187
    2170
    2082
    2103
    2173
    2044
    2197
    2098
    2139
    2134
    2111
    2092
    2193
    2080
    2147
    2015
    2152
    2182
    2128
    2146
    2030
    2108
    2118
    2122
    2066
    2057
    2065
    2163
    2030
    2003
    2023
    2078
    2052
    2025
    2104
    2069
    2068
    2032
    2080
    2155
    2060
    2131
    2026
    1997
    2029
    2076
    1969
    2002
    2020
    2063
    2001
    2084
    2103
    2046
    1989
    2056
    1994
    2054
    2027
    2034
    2075
    2123
    2075
    1984
    1981
    2022
    2010
    2085
    1959
    1913
    2050
    1957
    1938
    2056
    1920
    2049
    1865
    2002
    1974
    2004
    1969
    1937
    1979
    1935
    1792
    1921
    1892
    1935
    1869
    1902
    1859
    1897
    1905
    1850
    1864
    1877
    1829
    1793
    1829
    1796
    1791
    1805
    1785
    1850
    1816
    1822
    1835
    1751
    1732
    1717
    1716
    1765
    1678
    1668
    1695
    1698
    1666
    1687
    1751
    1695
    1644
    1622
    1652
    1677
    1566
    1710
    1625
    1560
    1538
    1656
    1568
    1584
    1509
    1521
    1593
    1554
    1534
    1508
    1560
    1564
    1543
    1531
    1519
    1496
    1481
    1554
    1454
    1421
    1493
    1510
    1405
    1445
    1479
    1465
    1521
    1441
    1439
    1415
    1443
    1404
    1413
    1414
    1355
    1308
    1389
    1365
    1340
    1286
    1351
    1325
    1392
    1326
    1354
    1302
    1344
    1366
    1282
    1332
    1283
    1369
    1343
    1303
    1313
    1289
    1331
    1315
    1252
    1305
    1281
    1221
    1254
    1262
    1189
    1333
    1271
    1184
    1305
    1270
    1202
    1277
    1293
    1226
    1242
    1235
    1188
    1125
    1212
    1216
    1182
    1157
    1216
    1210
    1194
    1180
    1237
    1246
    1183
    1190
    1140
    1260
    1208
    1133
    1179
    1104
    1166
    1110
    1201
    1126
    1125
    1173
    1158
    1132
    1124
    1138
    1181
    1117
    1077
    1124
    1140
    1121
    1087
    1177
    1081
    1155
    1143
    1060
    1104
    1098
    1012
    1092
    1126
    1085
    1099
    1074
    1022
    1088
     980
    1032
    1052
    1080
    1041
    1034
    1008
    1061
    1012
    1009
    1072
    1046
     990
    1037
    1041
    1076
     990
    1120
    1044
    1010
    1055
     983
    1006
    1065
     994
     986
    1091
     992
     981
    1040
    1030
    1039
    1062
    1087
     973
     996
    1027
     979
    1017
    1007
    1078
    1008
    1024
     999
     956
    1007
    1018
    1031
     998
    1074
     971
    1009
     988
    1014
     967
    1025
    1011
    1028
    1038
    1001
     975
    1033
     965
     991
     970
    1027
    1018
    1058
    1030
     963
    1004
     998
     993
    1032
     992
     997
     978
     976
     983
     961
     975
    1018
     991
    1002
     905
     987
    1015
     974
     973
     973
    1038
    1015
     962
     980
     943
     927
     921
     936
    1005
    1017
     966
     965
     972
     949
     949
     948
     964
     959
     984
     947
    1000
     983
    1012
    1000
    1007
     963
     980
     982
    1039
     977
     998
    1012
    1018
    1004
    1032
     977
    1016
     993
     981
    1012
    1030
     976
    1003
     961
     999
    1024
    1017
    1031
    1047
    1060
     992
    1001
    1035
     978
    1023
     999
    1057
    1032
    1051
    1028
     968
    1009
    1087
    1011
    1075
    1015
    1020
    1001
    1034
    1045
    1051
     982
    1037
    1039
    1097
    1111
    1034
    1036
     996
    1045
     969
    1033
    1055
    1065
    1057
    1048
    1032
    1010
    1090
    1003
    1034
    1033
    1057
    1087
    1025
    1125
    1109
    1163
    1040
    1152
    1072
    1164
    1058
    1154
    1061
    1143
    1106
    1104
    1130
    1143
    1172
    1099
    1144
    1114
    1202
    1121
    1122
    1169
    1162
    1169
    1153
    1197
    1163
    1148
    1171
    1222
    1230
    1216
    1273
    1177
    1274
    1249
    1318
    1231
    1262
    1272
    1249
    1350
    1303
    1265
    1286
    1415
    1363
    1432
    1352
    1331
    1348
    1473
    1418
    1414
    1446
    1413
    1420
    1489
    1558
    1493
    1539
    1508
    1537
    1612
    1620
    1619
    1607
    1712
    1661
    1700
    1659
    1712
    1772
    1760
    1850
    1804
    1893
    1980
    1931
    2008
    1979
    1981
    2098
    2106
    2142
    2232
    2139
    2214
    2190
    2269
    2338
    2432
    2426
    2527
    2537
    2631
    2716
    2694
    2716
    2869
    2749
    2919
    2878
    2871
    2932
    3068
    3152
    3187
    3133
    3317
    3364
    3336
    3376
    3470
    3464
    3575
    3619
    3817
    3847
    4001
    3955
    4101
    4104
    4132
    4113
    4218
    4346
    4416
    4352
    4516
    4671
    4684
    4774
    4729
    4819
    4882
    5050
    5135
    5151
    5233
    5225
    5376
    5449
    5443
    5666
    5510
    5653
    5738
    5781
    5862
    5885
    6207
    5886
    6223
    6256
    6230
    6421
    6439
    6496
    6486
    6505
    6672
    6682
    6785
    6713
    6869
    6818
    6908
    6871
    7051
    7030
    7048
    7033
    7156
    7219
    7282
    7221
    7400
    7341
    7193
    7277
    7326
    7500
    7412
    7502
    7305
    7474
    7346
    7225
    7492
    7363
    7462
    7377
    7382
    7538
    7385
    7364
    7435
    7108
    7262
    7171
    7030
    7176
    7133
    7172
    7153
    6934
    7053
    6910
    7008
    6828
    6768
    6643
    6661
    6661
    6562
    6566
    6411
    6326
    6292
    6302
    6157
    6186
    6056
    5689
    5859
    5811
    5613
    5522
    5555
    5439
    5376
    5273
    5113
    5158
    4945
    4989
    4836
    4683
    4699
    4635
    4440
    4501
    4525
    4279
    4138
    4111
    4014
    3946
    3804
    3742
    3735
    3591
    3538
    3368
    3352
    3183
    3171
    3181
    3110
    2904
    2848
    2939
    2774
    2646
    2573
    2632
    2375
    2385
    2357
    2319
    2256
    2173
    2130
    2107
    2070
    1915
    1904
    1808
    1847
    1721
    1670
    1554
    1684
    1588
    1516
    1432
    1450
    1310
    1335
    1328
    1364
    1266
    1236
    1117
    1110
    1135
    1060
    1043
    1030
    1013
     942
    1022
     938
     898
     858
     843
     840
     869
     810
     783
     725
     736
     768
     721
     713
     662
     699
     634
     628
     637
     641
     623
     582
     609
     599
     619
     569
     556
     572
     525
     566
     561
     533
     558
     524
     482
     547
     502
     524
     510
     488
     465
     485
     454
     472
     479
     471
     472
     484
     427
     495
     456
     450
     481
     434
     421
     462
     426
     450
     442
     454
     430
     471
     422
     467
     416
     447
     428
     432
     432
     445
     390
     433
     419
     443
     414
     460
     425
     419
     446
     410
     427
     469
     437
     436
     410
     437
     425
     427
     402
     423
     448
     400
     474
     412
     403
     418
     441
     430
     425
     466
     438
     422
     433
     436
     426
     406
     396
     404
     437
     408
     448
     441
     409
     461
     449
     412
     441
     411
     416
     489
     427
     437
     441
     456
     409
     462
     442
     421
     476
     427
     415
     458
     453
     416
     429
     453
     426
     448
     440
     444
     433
     434
     462
     425
     470
     456
     423
     440
     446
     447
     456
     449
     407
     430
     449
     457
     430
     459
     449
     446
     439
     457
     434
     440
     467
     450
     457
     453
     458
     491
     412
     431
     496
     486
     490
     428
     480
     476
     474
     478
     482
     428
     506
     526
     479
     495
     454
     493
     494
     470
     446
     460
     453
     510
     488
     502
     509
     520
     524
     474
     509
     497
     528
     538
     468
     521
     503
     495
     515
     512
     500
     530
     481
     549
     520
     517
     588
     542
     527
     499
     526
     525
     552
     578
     565
     589
     537
     562
     558
     512
     565
     583
     527
     562
     608
     533
     568
     563
     593
     604
     574
     584
     597
     599
     591
     614
     595
     624
     537
     595
     584
     613
     592
     612
     592
     608
     617
     597
     604
     643
     621
     656
     620
     591
     615
     599
     666
     687
     612
     625
     659
     651
     621
     632
     610
     684
     645
     657
     633
     623
     628
     640
     606
     692
     642
     666
     615
     652
     655
     599
     629
     612
     661
     665
     607
     583
     580
     622
     536
     619
     633
     610
     632
     633
     614
     604
     665
     582
     618
     552
     616
     602
     611
     576
     580
     603
     573
     579
     582
     615
     599
     598
     606
     593
     597
     551
     549
     544
     592
     584
     551
     542
     638
     522
     560
     589
     541
     581
     542
     512
     503
     517
     554
     518
     549
     516
     489
     534
     548
     504
     486
     500
     458
     469
     478
     538
     526
     465
     525
     495
     463
     492
     457
     446
     487
     469
     509
     472
     480
     419
     488
     420
     453
     455
     470
     460
     455
     416
     430
     435
     456
     389
     429
     382
     473
     440
     412
     419
     404
     432
     433
     435
     434
     415
     401
     425
     438
     397
     389
     411
     406
     400
     394
     405
     419
     404
     362
     400
     406
     394
     374
     393
     425
     400
     375
     400
     410
     379
     357
     404
     425
     390
     413
     389
     379
     391
     368
     361
     343
     386
     365
     364
     331
     412
     369
     399
     395
     361
     395
     349
     396
     366
     366
     392
     401
     374
     398
       0
       0
       0
       0
       0
       0
       0
       0
       0
       0
       0
       0
       0
       0
       0
       0
       0
       0
       0
       0
       0
       0
       0
       0
       0
       0
       0
       0
       0
       0
       0
       0
$ROI:
0
$PRESETS:
None
0
0
$ENER_FIT:
0.000000 0.722271
$MCA_CAL:
3
0.000000E+000 7.222707E-001 0.000000E+000 keV
$SHAPE_CAL:
3
0.000000E+000 0.000000E+000 0.000000E+000
