$SPEC_ID:
Scatter
$SPEC_REM:
DET# 2
DETDESC# JLAB-11 MCB 133
AP# Maestro Version 7.01
$DATE_MEA:
03/06/2025 16:34:09
$MEAS_TIM:
436 481
$DATA:
0 2047
       0
       0
       0
       0
       0
       0
   15924
 2914908
  412365
  364848
  189810
  121275
   76961
   46947
   28019
   17281
   10702
    6731
    4331
    2807
    1918
    1281
     953
     689
     540
     434
     330
     269
     265
     223
     219
     204
     205
     194
     168
     162
     171
     175
     181
     169
     175
     179
     175
     197
     190
     177
     181
     178
     182
     196
     204
     182
     201
     179
     170
     224
     212
     190
     204
     216
     231
     237
     271
     267
     269
     306
     375
     364
     451
     421
     536
     647
     746
     913
     979
    1109
    1485
    1597
    1877
    2188
    2479
    2867
    3165
    3653
    3933
    4430
    4753
    5160
    5404
    5866
    6093
    6415
    6399
    6579
    6769
    6588
    6415
    6369
    6003
    5787
    5349
    5109
    4617
    4427
    4020
    3527
    3292
    2815
    2552
    2266
    2020
    1741
    1529
    1326
    1137
     994
     953
     840
     697
     595
     553
     470
     416
     424
     317
     356
     300
     279
     266
     275
     269
     276
     281
     257
     272
     304
     274
     295
     339
     289
     277
     301
     358
     331
     361
     415
     399
     408
     451
     416
     444
     463
     508
     492
     474
     481
     471
     517
     493
     499
     534
     511
     477
     490
     525
     501
     513
     514
     459
     448
     501
     437
     456
     492
     438
     468
     463
     436
     433
     438
     418
     483
     468
     418
     422
     483
     457
     472
     504
     493
     549
     520
     499
     569
     583
     545
     545
     563
     533
     515
     583
     578
     594
     585
     597
     578
     603
     638
     665
     666
     672
     691
     690
     688
     737
     792
     845
     859
     904
     895
     977
     985
    1030
    1165
    1211
    1312
    1331
    1398
    1540
    1576
    1665
    1743
    1828
    1905
    1911
    2020
    1992
    2107
    2178
    2151
    2286
    2279
    2293
    2302
    2203
    2262
    2277
    2285
    2213
    2102
    2050
    2009
    1865
    1790
    1696
    1764
    1575
    1497
    1476
    1435
    1283
    1195
    1145
    1004
     906
     862
     828
     832
     724
     713
     626
     560
     542
     504
     499
     452
     434
     422
     367
     385
     369
     339
     338
     346
     331
     302
     280
     320
     294
     293
     317
     301
     333
     266
     318
     272
     272
     306
     303
     281
     335
     288
     290
     332
     313
     309
     333
     356
     307
     318
     288
     273
     314
     326
     310
     316
     319
     340
     334
     316
     292
     303
     350
     304
     303
     311
     301
     321
     306
     322
     302
     315
     336
     337
     315
     340
     344
     333
     324
     317
     337
     359
     326
     295
     336
     315
     357
     352
     353
     327
     338
     338
     335
     311
     301
     311
     287
     321
     326
     343
     356
     294
     295
     314
     356
     298
     319
     293
     320
     307
     311
     341
     305
     320
     334
     308
     308
     331
     316
     326
     310
     291
     336
     329
     331
     327
     341
     324
     352
     345
     329
     339
     342
     336
     325
     375
     328
     327
     362
     330
     324
     318
     317
     359
     354
     338
     343
     388
     354
     373
     348
     317
     322
     341
     386
     357
     384
     346
     350
     361
     363
     396
     347
     381
     358
     389
     391
     349
     381
     388
     372
     402
     373
     404
     356
     394
     432
     400
     367
     374
     405
     372
     391
     405
     423
     445
     400
     351
     431
     382
     408
     397
     433
     387
     374
     420
     449
     366
     378
     418
     402
     390
     402
     382
     390
     380
     382
     374
     342
     388
     374
     354
     380
     412
     378
     330
     377
     334
     346
     357
     331
     371
     340
     350
     343
     341
     331
     310
     379
     338
     382
     333
     324
     331
     325
     315
     363
     310
     320
     317
     327
     337
     320
     321
     308
     300
     345
     332
     318
     314
     295
     300
     291
     293
     297
     298
     327
     310
     321
     326
     332
     301
     339
     325
     283
     297
     320
     313
     313
     278
     292
     310
     297
     303
     312
     307
     297
     306
     280
     283
     294
     279
     295
     264
     297
     301
     307
     296
     286
     264
     295
     277
     289
     303
     264
     278
     312
     290
     275
     288
     271
     276
     271
     289
     278
     258
     264
     281
     278
     265
     303
     273
     243
     239
     272
     244
     245
     268
     250
     267
     243
     227
     247
     244
     246
     249
     248
     234
     231
     242
     240
     227
     234
     252
     248
     241
     241
     233
     249
     226
     236
     239
     242
     243
     213
     230
     205
     226
     227
     211
     209
     236
     225
     200
     227
     226
     207
     217
     232
     224
     221
     227
     230
     218
     209
     219
     217
     226
     225
     231
     215
     223
     223
     233
     212
     224
     217
     194
     218
     194
     201
     188
     193
     205
     192
     201
     194
     217
     200
     187
     171
     199
     199
     197
     192
     205
     202
     216
     206
     200
     199
     195
     179
     203
     192
     172
     194
     185
     201
     165
     167
     202
     190
     185
     182
     176
     159
     171
     194
     173
     183
     163
     179
     173
     181
     181
     160
     166
     157
     188
     159
     172
     164
     163
     162
     160
     164
     184
     168
     169
     179
     177
     166
     188
     165
     187
     152
     172
     162
     151
     161
     173
     163
     150
     176
     164
     165
     187
     179
     181
     167
     166
     170
     170
     161
     177
     194
     193
     196
     172
     181
     194
     218
     189
     190
     209
     229
     199
     213
     224
     179
     241
     223
     205
     217
     234
     222
     249
     254
     234
     242
     234
     260
     254
     259
     227
     278
     255
     264
     246
     273
     250
     259
     255
     256
     259
     258
     252
     250
     288
     272
     269
     292
     287
     250
     284
     313
     276
     297
     289
     264
     276
     280
     300
     280
     320
     287
     297
     302
     318
     307
     307
     325
     297
     292
     299
     309
     299
     332
     318
     347
     301
     331
     337
     318
     295
     358
     347
     354
     369
     327
     353
     343
     359
     346
     363
     375
     369
     363
     394
     365
     380
     366
     398
     410
     370
     369
     345
     392
     376
     408
     364
     423
     392
     358
     437
     420
     414
     395
     377
     410
     394
     384
     381
     388
     392
     396
     387
     372
     364
     408
     368
     378
     373
     408
     373
     390
     385
     407
     365
     353
     360
     321
     368
     332
     338
     342
     318
     312
     300
     304
     284
     303
     279
     287
     298
     288
     270
     307
     274
     245
     254
     223
     254
     236
     192
     220
     250
     218
     199
     204
     229
     227
     179
     216
     200
     235
     196
     220
     210
     213
     188
     217
     200
     198
     209
     214
     207
     216
     215
     199
     227
     210
     243
     252
     256
     231
     228
     254
     284
     291
     270
     311
     334
     293
     299
     284
     311
     333
     333
     368
     378
     367
     377
     399
     416
     426
     434
     416
     439
     447
     501
     479
     472
     482
     467
     551
     532
     546
     567
     603
     608
     600
     624
     584
     669
     643
     679
     629
     680
     638
     691
     669
     709
     735
     761
     719
     705
     748
     767
     764
     748
     763
     767
     704
     757
     797
     773
     745
     839
     881
     781
     825
     796
     832
     794
     836
     826
     878
     859
     759
     837
     776
     856
     824
     816
     832
     798
     805
     808
     797
     797
     759
     783
     804
     743
     697
     731
     674
     748
     713
     735
     665
     699
     647
     656
     654
     642
     646
     619
     589
     567
     573
     578
     576
     553
     503
     511
     476
     529
     522
     444
     472
     489
     461
     427
     445
     436
     396
     399
     382
     385
     361
     368
     328
     314
     332
     310
     299
     317
     306
     314
     291
     273
     279
     282
     264
     241
     233
     206
     213
     215
     209
     192
     194
     231
     181
     185
     198
     193
     195
     176
     175
     180
     159
     167
     148
     163
     140
     163
     133
     143
     150
     148
     160
     123
     156
     124
     109
     161
     138
     121
     132
     132
     104
     127
      86
      86
      98
      92
      89
      93
     113
      88
      90
     119
      91
      81
      86
      75
      80
      71
      82
      88
      75
      66
      63
      84
      73
      63
      71
      69
      55
      62
      55
      52
      58
      58
      53
      54
      39
      51
      58
      41
      49
      57
      47
      47
      38
      47
      42
      40
      54
      41
      44
      35
      53
      39
      22
      23
      31
      41
      25
      31
      40
      34
      24
      34
      31
      29
      37
      37
      14
      35
      31
      32
      33
      38
      32
      31
      48
      39
      33
      26
      25
      18
      27
      26
      30
      35
      33
      32
      29
      30
      23
      33
      28
      33
      35
      28
      24
      25
      24
      26
      30
      20
      24
      31
      28
      16
      33
      18
      28
      22
      28
      36
      30
      37
      24
      28
      23
      32
      23
      31
      27
      30
      26
      29
      29
      18
      24
      36
      37
      29
      24
      19
      25
      19
      28
      31
      30
      28
      20
      23
      33
      33
      21
      29
      18
      31
      32
      21
      20
      38
      20
      35
      25
      29
      33
      28
      25
      21
      19
      25
      20
      37
      16
      31
      24
      25
      22
      20
      27
      26
      20
      28
      17
      20
      21
      24
      27
      19
      22
      24
      20
      14
      15
      18
      16
      30
      19
      13
      25
      15
      22
      17
      25
      20
      15
      20
      16
      14
      22
      22
      27
      22
      17
      14
      15
      16
      23
      23
      23
      24
      25
      18
      16
      19
      15
      17
      18
      17
      21
      24
      30
      15
      21
      20
      16
      22
       8
      20
      21
      17
      10
      17
      19
      18
      20
      16
      19
      23
      24
      12
      20
      15
      28
      24
      19
      18
      19
       5
      15
      22
      14
      14
      18
      11
      15
      27
      16
      18
      22
      16
      18
      13
      18
      14
      16
      16
      12
      22
      21
      19
      18
      15
      14
      22
      14
      16
      18
      20
      20
      16
      23
       9
      18
      21
      13
      20
      15
      19
      23
      18
      15
      17
      15
      16
      19
      19
      15
      12
      25
      21
      10
      28
      23
      31
      14
      16
      23
      19
      22
      20
      10
      10
      20
      17
      12
      14
      20
      20
      17
      13
      17
      17
      14
      15
      12
      22
      14
      15
      25
      20
      13
      16
      13
       9
      20
      18
      20
      19
      16
      14
      12
      15
      25
       9
      17
      12
      13
      13
      15
      10
      13
      12
      15
      13
      10
       8
      12
      18
      12
      13
      13
      12
      11
      15
      18
      17
      14
       8
      16
      18
      13
      20
      12
      11
      15
      19
      11
       8
      15
       9
      16
      13
      12
      19
      11
      16
       9
      15
       9
      12
      11
      10
      14
      13
      15
      10
      19
      14
      11
      15
      11
      17
      13
      13
      19
      17
      13
      12
      11
      18
      13
      18
      13
      10
      16
      17
      11
      16
      13
      14
       9
      11
      11
      12
      12
      18
      16
      13
      20
      10
      11
       6
      13
      13
      15
      11
      10
      19
       5
      18
      15
      19
       9
       8
      17
      10
      14
      12
      14
      10
      14
      16
      14
      13
      14
      10
      19
      17
      12
      17
      13
      21
      15
      15
      19
      12
      13
      16
      16
      15
      15
      10
      12
      18
      17
      14
      16
      14
      17
      17
      15
      11
      13
      13
       9
      16
      15
      13
      11
      13
      14
      12
      18
      17
      26
      15
      17
      17
      12
      15
      12
      16
      12
      17
      15
      14
      14
      15
      18
      15
      20
      19
      12
      12
      21
      14
      15
      16
      20
      13
      13
      13
      19
      19
      18
      16
      11
      17
      11
      21
      11
      11
      20
      15
      16
      13
      14
      16
      17
      11
      18
      15
      11
      20
      18
      18
      18
      19
      15
      18
      20
      15
      17
      18
      20
      23
      17
      10
      14
      16
      18
      24
      19
      20
      20
      14
      12
      25
      17
      17
       8
      14
      23
      21
      14
      20
      11
      19
      15
      22
      27
      18
      15
      16
      23
      17
      19
      15
      23
      31
      19
      16
      21
      18
      20
      15
      27
      21
      21
      23
      27
      17
      23
      26
      17
      24
      23
      22
      23
      24
      19
      21
      27
      25
      16
      30
      19
      22
      24
      21
      25
      31
      27
      23
      26
      30
      30
      30
      34
      40
      32
      37
      34
      31
      30
      23
      34
      39
      30
      31
      34
      32
      30
      33
      27
      34
      32
      32
      33
      31
      25
      41
      35
      26
      32
      37
      33
      30
      44
      29
      47
      31
      33
      22
      36
      36
      32
      27
      33
      39
      41
      40
      39
      42
      36
      43
      41
      38
      45
      43
      44
      50
      29
      46
      32
      34
      32
      38
      44
      43
      40
      34
      39
      48
      36
      41
      38
      38
      30
      40
      49
      42
      38
      45
      33
      29
      42
      23
      32
      41
      37
      39
      29
      32
      37
      37
      29
      33
      23
      37
      37
      30
      41
      37
      25
      35
      32
      32
      28
      41
      45
      28
      37
      40
      29
      38
      29
      29
      38
      34
      23
      30
      37
      28
      34
      31
      33
      27
      31
      32
      25
      31
      24
      22
      22
      20
      21
      17
      22
      26
      26
      27
      23
      20
      14
      20
      27
      20
      14
       9
      15
      29
      17
      18
      18
      13
      18
      16
      15
      26
      19
      17
      18
      18
      12
      16
      12
      12
      23
      18
       8
      18
      19
      14
      12
      13
      16
      15
       8
      10
       8
      10
      13
       9
       9
      15
      13
      11
      18
      12
      14
      13
       9
      11
       9
       7
      10
       8
       7
       5
      11
       9
      12
      10
       9
       5
       4
      12
       8
       5
       9
      15
       9
       6
       5
       5
       4
       9
      10
      11
       5
       9
       5
       4
       8
       6
       3
      12
       5
       9
      10
       5
       9
       5
       7
       6
       5
       5
       4
       8
       5
       5
       5
       9
       5
       3
       4
       5
       6
       5
       5
       6
       4
       5
       6
      14
       9
       8
       9
       3
       7
       6
       3
       5
       9
       4
       7
       3
       8
       7
       6
       3
       6
       9
       5
       4
       9
       4
       7
       4
      10
       7
       4
       8
       3
       3
       7
       2
       6
       7
       4
       3
       5
      11
       5
       8
       4
      11
       5
       2
       7
       8
       0
       0
       0
       0
       0
       0
       0
       0
       0
       0
       0
       0
       0
       0
       0
       0
       0
       0
       0
       0
       0
       0
       0
       0
       0
       0
       0
       0
       0
       0
       0
       0
$ROI:
0
$PRESETS:
None
0
0
$ENER_FIT:
0.000000 0.421939
$MCA_CAL:
3
0.000000E+000 4.219387E-001 0.000000E+000 keV
$SHAPE_CAL:
3
0.000000E+000 0.000000E+000 0.000000E+000
