$SPEC_ID:
Scatter
$SPEC_REM:
DET# 2
DETDESC# JLAB-11 MCB 133
AP# Maestro Version 7.01
$DATE_MEA:
03/06/2025 16:34:09
$MEAS_TIM:
352 461
$DATA:
0 2047
       0
       0
       1
       3
       7
      44
   12114
 2099381
  345522
  375960
  248341
  190870
  147454
  112037
   85384
   65829
   51284
   40210
   31878
   25460
   20065
   16287
   13276
   11118
    9211
    8126
    7124
    6511
    6080
    5759
    5519
    5556
    5446
    5526
    5504
    5611
    5640
    5627
    5678
    5584
    5445
    5431
    5235
    4965
    4691
    4423
    4151
    3833
    3556
    3158
    3153
    2847
    2517
    2519
    2239
    2135
    1955
    1872
    1764
    1679
    1641
    1531
    1520
    1469
    1381
    1401
    1373
    1371
    1284
    1276
    1287
    1325
    1306
    1315
    1262
    1352
    1347
    1360
    1333
    1433
    1393
    1459
    1518
    1510
    1624
    1604
    1673
    1672
    1762
    1699
    1733
    1756
    1715
    1794
    1813
    1798
    1835
    1837
    1660
    1737
    1634
    1656
    1609
    1576
    1496
    1509
    1521
    1415
    1409
    1462
    1346
    1313
    1349
    1216
    1236
    1241
    1250
    1271
    1218
    1234
    1211
    1194
    1123
    1208
    1146
    1196
    1193
    1267
    1156
    1245
    1150
    1195
    1195
    1224
    1240
    1219
    1267
    1251
    1220
    1144
    1228
    1241
    1188
    1172
    1210
    1235
    1204
    1255
    1189
    1213
    1222
    1183
    1300
    1204
    1251
    1236
    1279
    1290
    1220
    1249
    1273
    1257
    1200
    1262
    1246
    1274
    1300
    1268
    1252
    1236
    1262
    1294
    1193
    1240
    1217
    1188
    1329
    1171
    1260
    1237
    1253
    1299
    1369
    1205
    1320
    1264
    1301
    1273
    1241
    1260
    1255
    1250
    1259
    1289
    1273
    1337
    1321
    1302
    1295
    1332
    1272
    1388
    1425
    1366
    1342
    1385
    1361
    1316
    1315
    1320
    1346
    1350
    1389
    1350
    1394
    1362
    1422
    1395
    1315
    1437
    1445
    1420
    1451
    1515
    1450
    1429
    1520
    1449
    1495
    1548
    1483
    1513
    1503
    1507
    1481
    1574
    1494
    1525
    1476
    1609
    1524
    1571
    1592
    1557
    1604
    1597
    1519
    1469
    1568
    1608
    1555
    1558
    1529
    1506
    1563
    1525
    1499
    1462
    1553
    1459
    1517
    1440
    1474
    1464
    1439
    1511
    1434
    1424
    1461
    1497
    1398
    1487
    1494
    1466
    1420
    1441
    1481
    1442
    1486
    1455
    1432
    1412
    1496
    1437
    1439
    1409
    1478
    1462
    1516
    1413
    1503
    1440
    1453
    1534
    1502
    1442
    1471
    1438
    1493
    1611
    1501
    1475
    1497
    1498
    1467
    1451
    1527
    1472
    1445
    1441
    1461
    1570
    1512
    1560
    1606
    1564
    1508
    1532
    1597
    1466
    1574
    1562
    1551
    1494
    1604
    1605
    1580
    1610
    1573
    1525
    1530
    1587
    1547
    1580
    1607
    1598
    1502
    1628
    1629
    1518
    1539
    1637
    1614
    1589
    1708
    1635
    1604
    1615
    1633
    1666
    1565
    1642
    1665
    1630
    1576
    1622
    1616
    1642
    1661
    1641
    1589
    1591
    1646
    1646
    1626
    1657
    1584
    1640
    1727
    1674
    1616
    1605
    1666
    1624
    1635
    1678
    1707
    1676
    1640
    1649
    1631
    1702
    1574
    1615
    1670
    1621
    1725
    1675
    1597
    1677
    1680
    1682
    1608
    1710
    1648
    1687
    1593
    1667
    1672
    1643
    1704
    1700
    1687
    1692
    1634
    1691
    1666
    1638
    1718
    1632
    1661
    1646
    1658
    1612
    1674
    1658
    1753
    1626
    1693
    1693
    1670
    1674
    1787
    1709
    1638
    1700
    1642
    1654
    1747
    1637
    1717
    1676
    1737
    1691
    1704
    1737
    1733
    1651
    1727
    1692
    1723
    1777
    1723
    1727
    1792
    1689
    1765
    1745
    1717
    1815
    1735
    1743
    1782
    1748
    1750
    1803
    1766
    1805
    1905
    1816
    1781
    1904
    1841
    1829
    1901
    1867
    1888
    1882
    1914
    1906
    1954
    1872
    1988
    1949
    1921
    1934
    1993
    1981
    1994
    1957
    2095
    2117
    1968
    1946
    2077
    2146
    2056
    2194
    2178
    2085
    2149
    2154
    2219
    2154
    2169
    2172
    2203
    2270
    2184
    2214
    2230
    2206
    2171
    2141
    2160
    2146
    2139
    2205
    2113
    2192
    2174
    2150
    2128
    2114
    2163
    2304
    2203
    2150
    2142
    2133
    2144
    2172
    2191
    2167
    2184
    2158
    2079
    2103
    2167
    2204
    2101
    2177
    2012
    2146
    2023
    2120
    2049
    2043
    2061
    2041
    2073
    2092
    2038
    2052
    2010
    2016
    2130
    1999
    2017
    1963
    1914
    2043
    1945
    1893
    1941
    2023
    1985
    2020
    1916
    1917
    1984
    1964
    1975
    1971
    1963
    1952
    1898
    1975
    1898
    1931
    1841
    1933
    1919
    1973
    1937
    2026
    2043
    1910
    1935
    1921
    1948
    1898
    1810
    1860
    1908
    1948
    1858
    1839
    1862
    1831
    1901
    1865
    1916
    1917
    1849
    1877
    1859
    1900
    1844
    1932
    1906
    1918
    1859
    1891
    1803
    1920
    1923
    1915
    1868
    1909
    1810
    1814
    1888
    1924
    1898
    1864
    1854
    1898
    1856
    1831
    1819
    1878
    1800
    1775
    1804
    1868
    1824
    1801
    1799
    1803
    1931
    1756
    1828
    1873
    1794
    1808
    1778
    1816
    1748
    1818
    1791
    1817
    1814
    1833
    1780
    1831
    1715
    1772
    1816
    1829
    1754
    1778
    1757
    1763
    1828
    1733
    1761
    1831
    1807
    1745
    1669
    1723
    1751
    1709
    1737
    1716
    1811
    1757
    1697
    1754
    1772
    1753
    1701
    1671
    1706
    1635
    1631
    1663
    1685
    1750
    1637
    1636
    1670
    1624
    1698
    1745
    1721
    1597
    1623
    1724
    1637
    1670
    1639
    1644
    1649
    1671
    1661
    1657
    1700
    1720
    1667
    1740
    1603
    1623
    1656
    1611
    1624
    1563
    1692
    1673
    1643
    1606
    1649
    1542
    1633
    1587
    1577
    1591
    1623
    1557
    1596
    1602
    1632
    1595
    1588
    1614
    1584
    1593
    1575
    1646
    1508
    1623
    1600
    1622
    1627
    1492
    1566
    1576
    1573
    1577
    1556
    1653
    1607
    1481
    1497
    1544
    1620
    1518
    1540
    1472
    1558
    1526
    1554
    1543
    1647
    1603
    1589
    1537
    1531
    1549
    1492
    1572
    1576
    1502
    1573
    1604
    1553
    1548
    1514
    1545
    1566
    1535
    1533
    1581
    1532
    1507
    1508
    1576
    1495
    1577
    1479
    1557
    1494
    1515
    1526
    1603
    1518
    1550
    1497
    1495
    1526
    1479
    1522
    1544
    1545
    1498
    1487
    1465
    1457
    1556
    1533
    1491
    1495
    1468
    1443
    1471
    1486
    1476
    1451
    1532
    1485
    1515
    1526
    1488
    1545
    1524
    1539
    1520
    1461
    1469
    1456
    1509
    1482
    1530
    1447
    1414
    1522
    1551
    1531
    1452
    1475
    1522
    1449
    1525
    1486
    1462
    1527
    1454
    1467
    1514
    1400
    1472
    1483
    1468
    1453
    1453
    1427
    1457
    1420
    1426
    1416
    1410
    1421
    1488
    1396
    1465
    1430
    1495
    1413
    1441
    1334
    1437
    1457
    1394
    1401
    1308
    1435
    1450
    1383
    1366
    1405
    1351
    1362
    1399
    1383
    1364
    1328
    1318
    1413
    1406
    1274
    1328
    1311
    1294
    1304
    1324
    1373
    1237
    1263
    1242
    1320
    1274
    1260
    1281
    1264
    1170
    1234
    1231
    1226
    1189
    1176
    1266
    1166
    1115
    1216
    1139
    1176
    1179
    1142
    1177
    1132
    1200
    1214
    1163
    1143
    1122
    1109
    1113
    1131
    1139
     999
    1121
    1041
    1088
    1113
    1017
    1132
    1104
    1108
    1061
    1074
    1104
    1109
    1010
    1074
     978
     921
     975
     987
     983
    1030
    1048
     906
    1006
     997
     951
     991
     954
     959
     968
     977
     912
     920
     981
     973
     926
     898
     933
     903
     901
     903
     956
     937
     909
     906
     934
     917
     972
     880
     926
     861
     917
     899
     898
     832
     869
     877
     886
     874
     843
     897
     834
     871
     831
     811
     893
     796
     840
     829
     840
     824
     829
     825
     831
     780
     868
     851
     777
     788
     838
     774
     809
     802
     833
     775
     822
     763
     818
     808
     790
     758
     833
     757
     760
     713
     809
     733
     745
     741
     752
     795
     715
     746
     682
     722
     732
     735
     689
     714
     777
     700
     715
     763
     674
     723
     699
     699
     713
     690
     725
     699
     662
     749
     704
     668
     750
     690
     670
     683
     671
     651
     709
     654
     693
     671
     685
     700
     626
     603
     681
     674
     702
     686
     666
     659
     607
     614
     640
     655
     682
     592
     627
     624
     619
     675
     640
     606
     594
     602
     645
     625
     663
     602
     577
     642
     630
     605
     592
     646
     596
     623
     633
     584
     661
     634
     627
     648
     607
     638
     601
     602
     569
     625
     568
     643
     613
     628
     575
     649
     554
     580
     566
     590
     596
     646
     590
     587
     593
     645
     600
     624
     610
     640
     602
     588
     598
     566
     577
     560
     614
     615
     576
     572
     613
     614
     576
     563
     576
     559
     597
     598
     594
     587
     630
     613
     582
     571
     536
     590
     597
     563
     615
     577
     591
     596
     527
     590
     564
     606
     589
     605
     635
     581
     582
     601
     616
     544
     596
     534
     578
     607
     575
     578
     590
     636
     640
     613
     550
     601
     603
     577
     649
     570
     616
     629
     606
     591
     540
     603
     578
     564
     596
     621
     602
     608
     620
     570
     602
     595
     567
     621
     603
     613
     602
     558
     623
     592
     595
     632
     586
     632
     598
     622
     632
     668
     640
     650
     628
     643
     646
     610
     605
     602
     607
     615
     662
     606
     650
     652
     613
     645
     659
     598
     663
     666
     660
     627
     699
     710
     622
     624
     644
     643
     655
     645
     682
     680
     659
     694
     706
     700
     709
     691
     698
     704
     742
     701
     705
     738
     735
     763
     735
     753
     732
     773
     762
     827
     778
     786
     807
     866
     876
     821
     874
     882
     876
     863
     935
     912
     959
     969
     989
     994
    1069
    1020
    1078
    1155
    1105
    1147
    1158
    1208
    1226
    1241
    1289
    1290
    1328
    1274
    1312
    1458
    1398
    1473
    1499
    1513
    1618
    1656
    1551
    1661
    1693
    1719
    1826
    1784
    1896
    1915
    1946
    1956
    1997
    2098
    2136
    2211
    2359
    2302
    2306
    2408
    2441
    2456
    2621
    2632
    2680
    2648
    2924
    2782
    2874
    2926
    3052
    3037
    3137
    3195
    3284
    3324
    3394
    3529
    3421
    3543
    3640
    3756
    3778
    3821
    3882
    4023
    3973
    4040
    4252
    4332
    4167
    4313
    4471
    4493
    4465
    4565
    4682
    4772
    4744
    4853
    4846
    4845
    4995
    4938
    5238
    5044
    5089
    5337
    5289
    5361
    5311
    5428
    5497
    5517
    5585
    5645
    5676
    5671
    5822
    5960
    5811
    5838
    5953
    5997
    5991
    6117
    6011
    6140
    6102
    5855
    6132
    6008
    6068
    6317
    5975
    5995
    6173
    6128
    6139
    6125
    6032
    6031
    6055
    6038
    5951
    6002
    5909
    5895
    5809
    6001
    5925
    6001
    5826
    5652
    5739
    5515
    5545
    5599
    5570
    5442
    5415
    5239
    5367
    5280
    5210
    5123
    5106
    5004
    4805
    4846
    4848
    4739
    4590
    4650
    4369
    4351
    4203
    4335
    4135
    4103
    4029
    3881
    3843
    3714
    3697
    3674
    3721
    3435
    3425
    3258
    3228
    3161
    3061
    3011
    2854
    2853
    2741
    2735
    2661
    2595
    2485
    2425
    2384
    2262
    2234
    2243
    2114
    2124
    1969
    2009
    1849
    1932
    1734
    1696
    1659
    1639
    1554
    1536
    1483
    1396
    1392
    1287
    1293
    1276
    1198
    1154
    1126
    1103
    1042
     976
    1016
     903
     868
     886
     872
     829
     795
     797
     728
     711
     704
     677
     671
     614
     601
     617
     581
     552
     555
     504
     498
     492
     481
     478
     487
     440
     442
     409
     454
     413
     372
     362
     390
     398
     356
     364
     344
     363
     314
     336
     327
     304
     298
     333
     286
     307
     268
     309
     313
     303
     291
     292
     297
     282
     276
     292
     292
     309
     288
     291
     259
     292
     265
     296
     243
     291
     243
     297
     258
     271
     226
     279
     308
     291
     249
     276
     265
     286
     228
     263
     271
     254
     274
     279
     259
     292
     255
     258
     258
     259
     248
     259
     279
     277
     257
     273
     251
     246
     260
     297
     247
     248
     284
     273
     257
     260
     249
     283
     246
     287
     245
     263
     248
     253
     283
     261
     253
     303
     258
     262
     246
     251
     242
     297
     248
     250
     248
     261
     237
     243
     256
     283
     251
     268
     269
     278
     254
     271
     291
     238
     274
     260
     301
     250
     225
     275
     249
     236
     234
     263
     280
     240
     249
     233
     278
     283
     234
     274
     250
     254
     271
     230
     230
     239
     244
     251
     243
     245
     245
     271
     261
     252
     244
     245
     218
     264
     247
     273
     257
     249
     272
     262
     262
     244
     241
     242
     268
     241
     243
     220
     239
     238
     257
     264
     248
     270
     211
     243
     249
     229
     251
     217
     243
     254
     246
     242
     248
     251
     256
     257
     246
     242
     263
     237
     222
     265
     244
     263
     265
     224
     226
     272
     256
     221
     257
     278
     248
     244
     261
     237
     250
     249
     267
     269
     234
     258
     253
     241
     258
     239
     242
     258
     264
     254
     247
     235
     254
     251
     234
     278
     267
     242
     267
     226
     233
     229
     275
     236
     275
     236
     267
     239
     246
     251
     264
     258
     244
     269
     239
     258
     264
     229
     254
     253
     230
     274
     225
     262
     265
     254
     257
     251
     239
     249
     247
     218
     230
     245
     239
     253
     233
     243
     255
     241
     227
     267
     260
     252
     237
     271
     238
     246
     249
     257
     248
     233
     209
     251
     225
     255
     265
     263
     243
     264
     255
     257
     242
     238
     247
     231
     260
     271
     282
     250
     249
     252
     270
     247
     225
     248
     241
     243
     264
     269
     263
     250
     265
     289
     263
     267
     255
     241
     270
     233
     293
     244
     279
     261
     239
     268
     234
     273
     236
     250
     260
     218
     270
     251
     249
     254
     251
     236
     249
     270
     232
     248
     225
     240
     261
     252
     247
     234
     272
     234
     245
     252
     261
     267
     225
     253
     246
     237
     240
     253
     255
     248
     245
     253
     233
     239
     244
     237
     254
     236
     228
     248
     232
     229
     253
     256
     247
     244
     223
     219
     271
     251
     286
     228
     236
     229
     282
     247
     241
     236
     213
     235
     256
     227
     254
     235
     265
     239
     256
     215
     236
     243
     208
     245
     273
     220
     223
     214
     218
     240
     214
     229
     221
     238
     237
     245
     244
     236
     200
     232
     223
     240
     233
     228
     248
     237
     216
     240
     261
     231
     231
     215
     204
     242
     244
     230
     215
     258
     215
     218
     256
     244
     222
     243
     235
     234
     263
     243
     226
     232
     254
     220
     229
     217
     213
     229
     215
     235
     228
     245
     241
     221
     226
     222
     230
     225
     219
     236
     207
     243
     245
     230
     195
     238
     207
     247
     237
     216
     219
     223
     228
     233
     234
     224
     236
     211
     252
     218
     235
     205
     225
     233
     241
     263
     240
     238
     208
     223
     235
       0
       0
       0
       0
       0
       0
       0
       0
       0
       0
       0
       0
       0
       0
       0
       0
       0
       0
       0
       0
       0
       0
       0
       0
       0
       0
       0
       0
       0
       0
       0
       0
$ROI:
0
$PRESETS:
None
0
0
$ENER_FIT:
0.000000 0.421939
$MCA_CAL:
3
0.000000E+000 4.219387E-001 0.000000E+000 keV
$SHAPE_CAL:
3
0.000000E+000 0.000000E+000 0.000000E+000
