###################################################################################################
### CosmicWatch: The Desktop Muon Detector
### Device ID: Umbriel
### Launch time: 0:00:05 1/1/2019
### Questions? Email Spencer N. Axani (saxani@mit.edu)
### Event Time Date TimeStamp[ms] ADC1 ADC2 SiPM[mV] Temp[C] Pressure[Pa] DeadTime[us] Coincident ID
###################################################################################################
1	0:00:07	1/1/2019 	1133	529.00	9.00	13.18	25.24	102395.41	95945	0	Umbriel	
2	0:00:07	1/1/2019 	1771	572.00	9.00	13.67	25.24	102395.67	53906	0	Umbriel	
3	0:00:08	1/1/2019 	2427	964.00	555.00	95.42	25.24	102395.34	1849	0	Umbriel	
4	0:00:08	1/1/2019 	2787	164.00	9.00	8.41	25.24	102395.57	49819	0	Umbriel	
5	0:00:08	1/1/2019 	2842	88.00	9.00	6.30	25.24	102395.57	1848	0	Umbriel	
6	0:00:08	1/1/2019 	2895	624.00	10.00	14.53	25.24	102395.57	1849	0	Umbriel	
7	0:00:09	1/1/2019 	3165	260.00	9.00	10.48	25.24	102395.83	1849	0	Umbriel	
8	0:00:09	1/1/2019 	3258	427.00	9.00	12.39	25.24	102395.83	1850	0	Umbriel	
9	0:00:10	1/1/2019 	4028	372.00	9.00	11.93	25.25	102396.09	51795	0	Umbriel	
10	0:00:10	1/1/2019 	4119	186.00	8.00	8.97	25.25	102396.09	1850	0	Umbriel	
11	0:00:10	1/1/2019 	4354	103.00	8.00	6.67	25.25	102396.19	1848	0	Umbriel	
12	0:00:10	1/1/2019 	4549	547.00	9.00	13.37	25.25	102396.19	49817	0	Umbriel	
13	0:00:10	1/1/2019 	4572	141.00	8.00	7.76	25.25	102396.19	1848	0	Umbriel	
14	0:00:10	1/1/2019 	4771	888.00	103.00	30.52	25.25	102396.29	1846	0	Umbriel	
15	0:00:10	1/1/2019 	4805	953.00	198.00	45.23	25.25	102396.29	3824	0	Umbriel	
16	0:00:11	1/1/2019 	5076	938.00	148.00	38.97	25.25	102396.29	1848	0	Umbriel	
17	0:00:11	1/1/2019 	5806	886.00	99.00	29.75	25.26	102396.61	49820	1	Umbriel	
18	0:00:12	1/1/2019 	6386	928.00	139.00	37.45	25.26	102396.71	1849	0	Umbriel	
19	0:00:13	1/1/2019 	7168	717.00	17.00	17.25	25.26	102397.08	49820	0	Umbriel	
20	0:00:13	1/1/2019 	7575	707.00	14.00	16.33	25.27	102397.17	49818	0	Umbriel	
21	0:00:13	1/1/2019 	7615	977.00	711.00	128.35	25.27	102397.17	1849	0	Umbriel	
22	0:00:13	1/1/2019 	7835	248.00	8.00	10.26	25.27	102397.17	3824	0	Umbriel	
23	0:00:13	1/1/2019 	7850	835.00	78.00	25.96	25.27	102397.17	1848	0	Umbriel	
24	0:00:14	1/1/2019 	8060	136.00	8.00	7.62	25.27	102397.41	1849	0	Umbriel	
25	0:00:14	1/1/2019 	8746	716.00	17.00	17.24	25.27	102397.50	49816	0	Umbriel	
26	0:00:14	1/1/2019 	8817	777.00	36.00	20.98	25.27	102397.50	1850	0	Umbriel	
27	0:00:15	1/1/2019 	9055	909.00	123.00	34.47	25.27	102397.50	1849	0	Umbriel	
28	0:00:15	1/1/2019 	9281	630.00	9.00	14.37	25.27	102397.42	1851	0	Umbriel	
29	0:00:15	1/1/2019 	9927	797.00	49.00	22.38	25.28	102397.36	51848	0	Umbriel	
30	0:00:16	1/1/2019 	10254	342.00	9.00	11.62	25.28	102397.45	2596	0	Umbriel	
31	0:00:16	1/1/2019 	10940	141.00	9.00	7.76	25.28	102397.21	49820	0	Umbriel	
32	0:00:17	1/1/2019 	11415	359.00	9.00	11.80	25.28	102397.31	1848	0	Umbriel	
33	0:00:17	1/1/2019 	11673	958.00	279.00	53.87	25.28	102397.31	49822	1	Umbriel	
34	0:00:17	1/1/2019 	11685	624.00	10.00	14.53	25.28	102397.31	1849	0	Umbriel	
35	0:00:17	1/1/2019 	11975	145.00	8.00	7.87	25.29	102397.41	3963	0	Umbriel	
36	0:00:18	1/1/2019 	12175	933.00	144.00	38.31	25.29	102397.41	1847	1	Umbriel	
37	0:00:18	1/1/2019 	12268	423.00	8.00	12.30	25.29	102397.41	1850	0	Umbriel	
38	0:00:18	1/1/2019 	12728	97.00	8.00	6.52	25.29	102397.50	49815	0	Umbriel	
39	0:00:18	1/1/2019 	12790	65.00	8.00	5.92	25.29	102397.50	1847	0	Umbriel	
40	0:00:19	1/1/2019 	13094	76.00	8.00	6.07	25.29	102397.77	1846	0	Umbriel	
41	0:00:19	1/1/2019 	13165	920.00	130.00	35.82	25.29	102397.77	1847	0	Umbriel	
42	0:00:19	1/1/2019 	13209	958.00	280.00	54.01	25.29	102397.77	3824	0	Umbriel	
43	0:00:19	1/1/2019 	13661	584.00	9.00	13.82	25.29	102397.70	49820	0	Umbriel	
44	0:00:20	1/1/2019 	14458	148.00	8.00	7.96	25.30	102397.77	1848	0	Umbriel	
45	0:00:20	1/1/2019 	14962	73.00	8.00	6.02	25.30	102397.86	49817	0	Umbriel	
46	0:00:21	1/1/2019 	15083	568.00	9.00	13.62	25.30	102397.86	1846	0	Umbriel	
47	0:00:22	1/1/2019 	16197	857.00	87.00	27.48	25.30	102397.88	49820	0	Umbriel	
48	0:00:23	1/1/2019 	17006	656.00	10.00	14.85	25.31	102398.05	51793	0	Umbriel	
49	0:00:23	1/1/2019 	17677	66.00	8.00	5.93	25.31	102397.70	49818	0	Umbriel	
50	0:00:23	1/1/2019 	17978	944.00	157.00	40.36	25.31	102397.80	1847	0	Umbriel	
51	0:00:24	1/1/2019 	18157	204.00	8.00	9.39	25.31	102397.80	1849	0	Umbriel	
52	0:00:24	1/1/2019 	18238	583.00	9.00	13.81	25.31	102397.80	1849	0	Umbriel	
53	0:00:24	1/1/2019 	18255	88.00	9.00	6.30	25.31	102397.80	1849	0	Umbriel	
54	0:00:24	1/1/2019 	18424	728.00	21.00	18.31	25.31	102397.80	1849	0	Umbriel	
55	0:00:24	1/1/2019 	18481	63.00	8.00	5.91	25.31	102397.91	3824	0	Umbriel	
56	0:00:24	1/1/2019 	18564	345.00	9.00	11.65	25.31	102397.91	49817	0	Umbriel	
57	0:00:25	1/1/2019 	19277	86.00	8.00	6.26	25.32	102397.83	1849	0	Umbriel	
58	0:00:25	1/1/2019 	19364	173.00	9.00	8.65	25.32	102397.83	1847	0	Umbriel	
59	0:00:25	1/1/2019 	19648	203.00	9.00	9.38	25.32	102397.92	49819	0	Umbriel	
60	0:00:25	1/1/2019 	19710	78.00	8.00	6.10	25.32	102397.92	2595	0	Umbriel	
61	0:00:26	1/1/2019 	20301	110.00	8.00	6.86	25.32	102397.85	4015	0	Umbriel	
62	0:00:26	1/1/2019 	20339	102.00	8.00	6.65	25.32	102397.85	1848	0	Umbriel	
63	0:00:26	1/1/2019 	20786	916.00	125.00	34.87	25.32	102397.75	49819	0	Umbriel	
64	0:00:27	1/1/2019 	21023	531.00	8.00	13.09	25.32	102397.75	1849	0	Umbriel	
65	0:00:27	1/1/2019 	21132	65.00	8.00	5.92	25.32	102397.75	1848	0	Umbriel	
66	0:00:27	1/1/2019 	21202	148.00	8.00	7.96	25.33	102397.84	1846	0	Umbriel	
67	0:00:27	1/1/2019 	21215	124.00	8.00	7.27	25.33	102397.84	1847	0	Umbriel	
68	0:00:27	1/1/2019 	21368	684.00	12.00	15.61	25.33	102397.84	3822	0	Umbriel	
69	0:00:27	1/1/2019 	21781	863.00	87.00	27.50	25.33	102397.94	49820	0	Umbriel	
70	0:00:27	1/1/2019 	21823	578.00	9.00	13.74	25.33	102397.94	1848	0	Umbriel	
71	0:00:27	1/1/2019 	21833	125.00	8.00	7.29	25.33	102397.94	1849	0	Umbriel	
72	0:00:27	1/1/2019 	21959	614.00	9.00	14.20	25.33	102397.94	1846	0	Umbriel	
73	0:00:28	1/1/2019 	22066	192.00	8.00	9.11	25.33	102397.94	1850	0	Umbriel	
74	0:00:28	1/1/2019 	22553	565.00	9.00	13.58	25.33	102398.04	49818	0	Umbriel	
75	0:00:29	1/1/2019 	23143	801.00	60.00	23.52	25.33	102397.97	3823	0	Umbriel	
76	0:00:29	1/1/2019 	23289	66.00	8.00	5.93	25.33	102397.97	1850	0	Umbriel	
77	0:00:29	1/1/2019 	23601	745.00	25.00	19.22	25.34	102398.03	49818	0	Umbriel	
78	0:00:30	1/1/2019 	24401	90.00	8.00	6.35	25.34	102398.12	1852	0	Umbriel	
79	0:00:31	1/1/2019 	25011	132.00	8.00	7.50	25.34	102398.22	49825	0	Umbriel	
80	0:00:31	1/1/2019 	25061	79.00	8.00	6.12	25.34	102398.32	1847	0	Umbriel	
81	0:00:31	1/1/2019 	25289	956.00	259.00	51.28	25.34	102398.32	3823	0	Umbriel	
82	0:00:31	1/1/2019 	25836	344.00	9.00	11.64	25.35	102398.42	49820	0	Umbriel	
83	0:00:31	1/1/2019 	25975	701.00	15.00	16.60	25.35	102398.42	1848	0	Umbriel	
84	0:00:33	1/1/2019 	27389	655.00	10.00	14.84	25.35	102398.08	49821	0	Umbriel	
85	0:00:33	1/1/2019 	27429	751.00	28.00	19.78	25.35	102398.08	1851	0	Umbriel	
86	0:00:33	1/1/2019 	27773	139.00	8.00	7.70	25.35	102398.08	49820	0	Umbriel	
87	0:00:33	1/1/2019 	27958	836.00	77.00	25.81	25.35	102398.17	1848	0	Umbriel	
88	0:00:34	1/1/2019 	28230	71.00	8.00	5.99	25.35	102398.17	3824	0	Umbriel	
89	0:00:35	1/1/2019 	29921	949.00	258.00	51.16	25.36	102398.46	97792	1	Umbriel	
90	0:00:35	1/1/2019 	29992	144.00	8.00	7.85	25.36	102398.53	2598	0	Umbriel	
91	0:00:36	1/1/2019 	30917	117.00	8.00	7.06	25.37	102398.28	49818	0	Umbriel	
92	0:00:36	1/1/2019 	30969	109.00	8.00	6.84	25.37	102398.28	1848	0	Umbriel	
93	0:00:37	1/1/2019 	31044	794.00	52.00	22.67	25.37	102398.28	1847	0	Umbriel	
94	0:00:37	1/1/2019 	31658	892.00	106.00	31.12	25.36	102397.19	51935	1	Umbriel	
95	0:00:38	1/1/2019 	32811	214.00	8.00	9.60	25.37	102397.21	49820	0	Umbriel	
96	0:00:39	1/1/2019 	33816	73.00	8.00	6.02	25.37	102397.31	49821	0	Umbriel	
97	0:00:39	1/1/2019 	33973	441.00	9.00	12.50	25.37	102397.41	1847	0	Umbriel	
98	0:00:40	1/1/2019 	34071	136.00	8.00	7.62	25.37	102397.41	1848	0	Umbriel	
99	0:00:40	1/1/2019 	34674	219.00	8.00	9.71	25.38	102397.50	49820	0	Umbriel	
100	0:00:40	1/1/2019 	34967	884.00	101.00	30.12	25.38	102397.56	1847	1	Umbriel	
101	0:00:41	1/1/2019 	35892	659.00	11.00	15.15	25.38	102397.66	51797	0	Umbriel	
102	0:00:42	1/1/2019 	36858	719.00	19.00	17.78	25.38	102397.59	49819	0	Umbriel	
103	0:00:43	1/1/2019 	37337	352.00	8.00	11.68	25.39	102397.52	1851	0	Umbriel	
104	0:00:43	1/1/2019 	37361	109.00	8.00	6.84	25.39	102397.52	1848	0	Umbriel	
105	0:00:43	1/1/2019 	37666	925.00	135.00	36.74	25.39	102397.52	49819	0	Umbriel	
106	0:00:44	1/1/2019 	38266	82.00	8.00	6.17	25.39	102397.68	1849	0	Umbriel	
107	0:00:44	1/1/2019 	38655	111.00	8.00	6.89	25.39	102397.68	51849	0	Umbriel	
108	0:00:45	1/1/2019 	39163	802.00	62.00	23.75	25.39	102397.78	1846	0	Umbriel	
109	0:00:46	1/1/2019 	40076	961.00	365.00	68.56	25.40	102397.80	49823	0	Umbriel	
110	0:00:46	1/1/2019 	40273	379.00	9.00	12.00	25.40	102397.80	2596	0	Umbriel	
111	0:00:46	1/1/2019 	40375	126.00	9.00	7.33	25.40	102397.80	1848	0	Umbriel	
112	0:00:46	1/1/2019 	40575	664.00	11.00	15.19	25.40	102397.30	49820	0	Umbriel	
113	0:00:46	1/1/2019 	40751	212.00	9.00	9.58	25.40	102397.30	3963	0	Umbriel	
114	0:00:47	1/1/2019 	41494	152.00	8.00	8.07	25.40	102397.23	1848	0	Umbriel	
115	0:00:47	1/1/2019 	41658	800.00	50.00	22.49	25.40	102397.12	49822	0	Umbriel	
116	0:00:47	1/1/2019 	41675	565.00	9.00	13.58	25.40	102397.12	1857	0	Umbriel	
117	0:00:47	1/1/2019 	41770	961.00	276.00	53.45	25.40	102397.12	1857	0	Umbriel	
118	0:00:48	1/1/2019 	42102	903.00	116.00	33.10	25.41	102397.39	1854	0	Umbriel	
119	0:00:48	1/1/2019 	42683	197.00	8.00	9.23	25.41	102396.89	49821	0	Umbriel	
120	0:00:48	1/1/2019 	42942	75.00	8.00	6.05	25.41	102396.89	3821	0	Umbriel	
121	0:00:49	1/1/2019 	43341	78.00	8.00	6.10	25.41	102396.98	1847	0	Umbriel	
122	0:00:49	1/1/2019 	43407	182.00	8.00	8.87	25.41	102396.98	1847	0	Umbriel	
123	0:00:49	1/1/2019 	43475	948.00	204.00	45.81	25.41	102396.98	1847	1	Umbriel	
124	0:00:49	1/1/2019 	43731	909.00	118.00	33.51	25.41	102397.08	49821	1	Umbriel	
125	0:00:50	1/1/2019 	44110	182.00	8.00	8.87	25.41	102397.08	1850	0	Umbriel	
126	0:00:50	1/1/2019 	44196	86.00	8.00	6.26	25.41	102397.08	3823	0	Umbriel	
127	0:00:50	1/1/2019 	44463	911.00	122.00	34.29	25.41	102397.17	1847	0	Umbriel	
128	0:00:50	1/1/2019 	44658	398.00	9.00	12.17	25.41	102397.17	49823	0	Umbriel	
129	0:00:51	1/1/2019 	45422	128.00	8.00	7.38	25.42	102396.77	1849	0	Umbriel	
130	0:00:51	1/1/2019 	45596	683.00	13.00	15.91	25.42	102396.77	49818	0	Umbriel	
131	0:00:53	1/1/2019 	47114	753.00	29.00	19.94	25.42	102396.59	49822	0	Umbriel	
132	0:00:53	1/1/2019 	47373	963.00	368.00	69.09	25.42	102396.59	1851	1	Umbriel	
133	0:00:54	1/1/2019 	48165	281.00	8.00	10.79	25.43	102396.45	51798	0	Umbriel	
134	0:00:54	1/1/2019 	48294	605.00	9.00	14.09	25.43	102396.45	1849	0	Umbriel	
135	0:00:54	1/1/2019 	48466	76.00	8.00	6.07	25.43	102396.45	1849	0	Umbriel	
136	0:00:54	1/1/2019 	48976	78.00	8.00	6.10	25.43	102396.28	49819	0	Umbriel	
137	0:00:55	1/1/2019 	49759	746.00	26.00	19.41	25.43	102396.21	49819	0	Umbriel	
138	0:00:55	1/1/2019 	49839	89.00	8.00	6.32	25.43	102396.11	2597	0	Umbriel	
139	0:00:55	1/1/2019 	49921	722.00	18.00	17.54	25.43	102396.11	4016	0	Umbriel	
140	0:00:56	1/1/2019 	50274	84.00	8.00	6.21	25.43	102396.11	1849	0	Umbriel	
141	0:00:56	1/1/2019 	50387	377.00	8.00	11.92	25.43	102396.04	1849	0	Umbriel	
142	0:00:56	1/1/2019 	50777	943.00	167.00	41.76	25.43	102396.04	49820	1	Umbriel	
143	0:00:57	1/1/2019 	51394	933.00	141.00	37.80	25.44	102396.14	1850	0	Umbriel	
144	0:00:57	1/1/2019 	51566	173.00	8.00	8.64	25.44	102395.80	49826	0	Umbriel	
145	0:00:58	1/1/2019 	52894	889.00	107.00	31.30	25.44	102396.00	49824	0	Umbriel	
146	0:00:59	1/1/2019 	53212	962.00	410.00	75.81	25.44	102396.09	3826	0	Umbriel	
147	0:00:59	1/1/2019 	53265	402.00	9.00	12.20	25.44	102396.09	1851	0	Umbriel	
148	0:00:59	1/1/2019 	53277	629.00	9.00	14.36	25.44	102396.09	1848	0	Umbriel	
149	0:01:00	1/1/2019 	54298	903.00	118.00	33.49	25.45	102395.66	49824	0	Umbriel	
150	0:01:00	1/1/2019 	54302	99.00	8.00	6.57	25.45	102395.66	1850	0	Umbriel	
151	0:01:01	1/1/2019 	55447	553.00	9.00	13.44	25.45	102395.67	49822	0	Umbriel	
152	0:01:02	1/1/2019 	56301	815.00	74.00	25.32	25.45	102395.60	51801	0	Umbriel	
153	0:01:03	1/1/2019 	57382	754.00	28.00	19.79	25.46	102395.53	49824	0	Umbriel	
154	0:01:03	1/1/2019 	57612	329.00	9.00	11.47	25.46	102395.59	49825	0	Umbriel	
155	0:01:03	1/1/2019 	57841	67.00	8.00	5.94	25.46	102395.59	1848	0	Umbriel	
156	0:01:03	1/1/2019 	57944	80.00	8.00	6.14	25.46	102395.59	1846	0	Umbriel	
157	0:01:04	1/1/2019 	58415	68.00	8.00	5.95	25.46	102395.69	1846	0	Umbriel	
158	0:01:04	1/1/2019 	58420	374.00	8.00	11.90	25.46	102395.69	1848	0	Umbriel	
159	0:01:04	1/1/2019 	58657	943.00	156.00	40.21	25.46	102395.95	51797	0	Umbriel	
160	0:01:05	1/1/2019 	59244	911.00	128.00	35.43	25.47	102395.89	1850	0	Umbriel	
161	0:01:05	1/1/2019 	59772	82.00	8.00	6.17	25.47	102395.55	49824	0	Umbriel	
162	0:01:06	1/1/2019 	60306	139.00	8.00	7.70	25.47	102395.65	2593	0	Umbriel	
163	0:01:06	1/1/2019 	60427	318.00	9.00	11.33	25.47	102395.65	1847	0	Umbriel	
164	0:01:07	1/1/2019 	61381	122.00	8.00	7.21	25.47	102395.47	49823	0	Umbriel	
165	0:01:07	1/1/2019 	61411	65.00	8.00	5.92	25.47	102395.47	3962	0	Umbriel	
166	0:01:08	1/1/2019 	62370	346.00	8.00	11.62	25.48	102395.41	49819	0	Umbriel	
167	0:01:08	1/1/2019 	62739	558.00	9.00	13.50	25.48	102395.50	49822	0	Umbriel	
168	0:01:08	1/1/2019 	62839	427.00	9.00	12.39	25.48	102395.50	1849	0	Umbriel	
169	0:01:08	1/1/2019 	62961	144.00	8.00	7.85	25.48	102395.50	1848	0	Umbriel	
170	0:01:09	1/1/2019 	63240	125.00	8.00	7.29	25.48	102395.00	1846	0	Umbriel	
171	0:01:09	1/1/2019 	63945	923.00	139.00	37.44	25.48	102394.92	49821	0	Umbriel	
172	0:01:10	1/1/2019 	64615	662.00	12.00	15.46	25.48	102394.69	51799	0	Umbriel	
173	0:01:11	1/1/2019 	65627	827.00	76.00	25.64	25.49	102394.25	49821	0	Umbriel	
174	0:01:11	1/1/2019 	65833	788.00	44.00	21.87	25.49	102394.34	1850	0	Umbriel	
175	0:01:13	1/1/2019 	67170	466.00	9.00	12.67	25.49	102394.70	49824	0	Umbriel	
176	0:01:13	1/1/2019 	67240	906.00	117.00	33.31	25.49	102394.70	1851	0	Umbriel	
177	0:01:13	1/1/2019 	67685	85.00	8.00	6.24	25.50	102394.63	49823	0	Umbriel	
178	0:01:13	1/1/2019 	67944	76.00	8.00	6.07	25.50	102394.53	3823	0	Umbriel	
179	0:01:14	1/1/2019 	68283	953.00	292.00	55.79	25.50	102394.53	1847	1	Umbriel	
180	0:01:14	1/1/2019 	68788	778.00	38.00	21.21	25.50	102394.19	49825	0	Umbriel	
181	0:01:15	1/1/2019 	69221	792.00	64.00	23.94	25.50	102394.12	1852	0	Umbriel	
182	0:01:15	1/1/2019 	69728	661.00	11.00	15.17	25.50	102393.53	49827	0	Umbriel	
183	0:01:16	1/1/2019 	70819	178.00	8.00	8.77	25.50	102393.22	50569	0	Umbriel	
184	0:01:17	1/1/2019 	71017	87.00	9.00	6.28	25.50	102393.22	3962	0	Umbriel	
185	0:01:17	1/1/2019 	71112	146.00	8.00	7.90	25.50	102393.22	1849	0	Umbriel	
186	0:01:17	1/1/2019 	71123	65.00	8.00	5.92	25.50	102393.22	1846	0	Umbriel	
187	0:01:17	1/1/2019 	71212	553.00	9.00	13.44	25.50	102393.22	1846	0	Umbriel	
188	0:01:17	1/1/2019 	71764	769.00	34.00	20.71	25.51	102393.14	49820	0	Umbriel	
189	0:01:17	1/1/2019 	71955	696.00	15.00	16.57	25.51	102393.07	1850	0	Umbriel	
190	0:01:17	1/1/2019 	71963	87.00	8.00	6.28	25.51	102393.07	1849	0	Umbriel	
191	0:01:18	1/1/2019 	72925	80.00	8.00	6.14	25.51	102392.73	51794	0	Umbriel	
192	0:01:20	1/1/2019 	74086	162.00	8.00	8.35	25.52	102391.99	49818	0	Umbriel	
193	0:01:20	1/1/2019 	74316	837.00	82.00	26.59	25.52	102391.99	1848	0	Umbriel	
194	0:01:20	1/1/2019 	74391	90.00	8.00	6.35	25.52	102391.99	1850	0	Umbriel	
195	0:01:21	1/1/2019 	75104	628.00	10.00	14.58	25.52	102391.85	49818	0	Umbriel	
196	0:01:21	1/1/2019 	75321	965.00	355.00	66.78	25.52	102391.85	1851	0	Umbriel	
197	0:01:21	1/1/2019 	75738	94.00	8.00	6.44	25.52	102391.95	51796	0	Umbriel	
198	0:01:21	1/1/2019 	75779	233.00	8.00	9.98	25.52	102391.95	1847	0	Umbriel	
199	0:01:21	1/1/2019 	75880	148.00	8.00	7.96	25.52	102391.95	1847	0	Umbriel	
200	0:01:22	1/1/2019 	76423	867.00	90.00	28.03	25.53	102391.84	1847	0	Umbriel	
201	0:01:23	1/1/2019 	77032	654.00	11.00	15.11	25.53	102391.94	49823	0	Umbriel	
202	0:01:23	1/1/2019 	77087	155.00	8.00	8.16	25.53	102391.94	1850	0	Umbriel	
203	0:01:23	1/1/2019 	77190	92.00	7.00	6.39	25.53	102391.94	1847	0	Umbriel	
204	0:01:24	1/1/2019 	78099	660.00	11.00	15.16	25.53	102391.80	51795	0	Umbriel	
205	0:01:24	1/1/2019 	78386	113.00	8.00	6.95	25.53	102391.80	1850	0	Umbriel	
206	0:01:24	1/1/2019 	78454	151.00	8.00	8.05	25.54	102391.89	1846	0	Umbriel	
207	0:01:24	1/1/2019 	78698	535.00	9.00	13.24	25.54	102391.89	49818	0	Umbriel	
208	0:01:24	1/1/2019 	78824	160.00	8.00	8.30	25.54	102391.89	1850	0	Umbriel	
209	0:01:25	1/1/2019 	79369	413.00	9.00	12.29	25.54	102391.82	1846	0	Umbriel	
210	0:01:25	1/1/2019 	79629	632.00	9.00	14.39	25.54	102391.72	51797	0	Umbriel	
211	0:01:26	1/1/2019 	80006	925.00	137.00	37.10	25.54	102391.72	2820	0	Umbriel	
212	0:01:26	1/1/2019 	80107	772.00	36.00	20.96	25.54	102391.64	1852	0	Umbriel	
213	0:01:26	1/1/2019 	80239	361.00	8.00	11.77	25.54	102391.64	1850	0	Umbriel	
214	0:01:26	1/1/2019 	80496	604.00	9.00	14.07	25.54	102391.64	1847	0	Umbriel	
215	0:01:26	1/1/2019 	80923	122.00	8.00	7.21	25.55	102391.74	49821	0	Umbriel	
216	0:01:27	1/1/2019 	81461	613.00	9.00	14.18	25.55	102391.84	1846	0	Umbriel	
217	0:01:27	1/1/2019 	81476	370.00	8.00	11.86	25.55	102391.84	4019	0	Umbriel	
218	0:01:27	1/1/2019 	81823	769.00	34.00	20.71	25.55	102391.77	49817	0	Umbriel	
219	0:01:28	1/1/2019 	82392	88.00	8.00	6.30	25.55	102392.00	1849	0	Umbriel	
220	0:01:28	1/1/2019 	82563	176.00	8.00	8.72	25.55	102392.00	49820	0	Umbriel	
221	0:01:29	1/1/2019 	83144	621.00	9.00	14.28	25.56	102392.09	1847	0	Umbriel	
222	0:01:29	1/1/2019 	83267	152.00	8.00	8.07	25.56	102392.09	1850	0	Umbriel	
223	0:01:29	1/1/2019 	83439	799.00	65.00	24.09	25.56	102392.19	3823	0	Umbriel	
224	0:01:29	1/1/2019 	83490	301.00	8.00	11.07	25.56	102392.19	1849	0	Umbriel	
225	0:01:29	1/1/2019 	83583	717.00	18.00	17.52	25.56	102392.19	49817	0	Umbriel	
226	0:01:29	1/1/2019 	83768	300.00	8.00	11.06	25.56	102392.19	1850	0	Umbriel	
227	0:01:30	1/1/2019 	84030	116.00	8.00	7.03	25.56	102392.28	1847	0	Umbriel	
228	0:01:30	1/1/2019 	84107	651.00	11.00	15.08	25.56	102392.28	1848	0	Umbriel	
229	0:01:31	1/1/2019 	85029	290.00	8.00	10.92	25.57	102392.28	49821	0	Umbriel	
230	0:01:31	1/1/2019 	85037	165.00	8.00	8.43	25.57	102392.28	3824	0	Umbriel	
231	0:01:31	1/1/2019 	85396	577.00	9.00	13.73	25.57	102392.28	1847	0	Umbriel	
232	0:01:31	1/1/2019 	85481	148.00	8.00	7.96	25.57	102392.28	1848	0	Umbriel	
233	0:01:31	1/1/2019 	85586	378.00	8.00	11.93	25.57	102392.20	49818	0	Umbriel	
234	0:01:31	1/1/2019 	85916	258.00	8.00	10.43	25.57	102392.20	1847	0	Umbriel	
235	0:01:31	1/1/2019 	85963	253.00	8.00	10.34	25.57	102392.20	1846	0	Umbriel	
236	0:01:32	1/1/2019 	86245	646.00	10.00	14.77	25.57	102391.97	3822	0	Umbriel	
237	0:01:32	1/1/2019 	86486	952.00	213.00	46.64	25.57	102391.97	1851	0	Umbriel	
238	0:01:32	1/1/2019 	86608	86.00	8.00	6.26	25.57	102391.97	49821	0	Umbriel	
239	0:01:33	1/1/2019 	87319	249.00	8.00	10.28	25.58	102391.83	1847	0	Umbriel	
240	0:01:33	1/1/2019 	87777	416.00	8.00	12.24	25.58	102391.59	49820	0	Umbriel	
241	0:01:34	1/1/2019 	88311	61.00	8.00	5.90	25.58	102391.48	1847	0	Umbriel	
242	0:01:34	1/1/2019 	88732	432.00	9.00	12.43	25.58	102391.48	49819	0	Umbriel	
243	0:01:35	1/1/2019 	89715	946.00	222.00	47.47	25.59	102391.34	51800	0	Umbriel	
244	0:01:35	1/1/2019 	89939	920.00	133.00	36.37	25.59	102391.34	2822	0	Umbriel	
245	0:01:36	1/1/2019 	90043	373.00	8.00	11.89	25.59	102391.44	1849	0	Umbriel	
246	0:01:36	1/1/2019 	90422	232.00	8.00	9.97	25.59	102391.44	1848	0	Umbriel	
247	0:01:36	1/1/2019 	90826	730.00	21.00	18.32	25.59	102391.37	49819	0	Umbriel	
248	0:01:36	1/1/2019 	90944	476.00	9.00	12.74	25.59	102391.37	1849	0	Umbriel	
249	0:01:38	1/1/2019 	92130	264.00	8.00	10.53	25.60	102391.52	51936	0	Umbriel	
250	0:01:38	1/1/2019 	92151	681.00	13.00	15.90	25.60	102391.45	1849	0	Umbriel	
251	0:01:38	1/1/2019 	92269	796.00	49.00	22.38	25.60	102391.45	1849	0	Umbriel	
252	0:01:38	1/1/2019 	92668	62.00	8.00	5.90	25.60	102391.45	49822	0	Umbriel	
253	0:01:39	1/1/2019 	93593	179.00	3.00	8.75	25.61	102391.74	49819	0	Umbriel	
254	0:01:39	1/1/2019 	93676	846.00	87.00	27.44	25.61	102391.74	1849	0	Umbriel	
255	0:01:40	1/1/2019 	94277	70.00	8.00	5.98	25.61	102391.80	1849	0	Umbriel	
256	0:01:40	1/1/2019 	94339	599.00	9.00	14.01	25.61	102391.80	3822	0	Umbriel	
257	0:01:41	1/1/2019 	95003	356.00	9.00	11.77	25.61	102391.66	49821	0	Umbriel	
258	0:01:41	1/1/2019 	95031	74.00	8.00	6.03	25.61	102391.66	1851	0	Umbriel	
259	0:01:41	1/1/2019 	95558	983.00	877.00	161.27	25.62	102391.59	49820	0	Umbriel	
260	0:01:41	1/1/2019 	95695	188.00	8.00	9.02	25.62	102391.59	1850	0	Umbriel	
261	0:01:41	1/1/2019 	95708	585.00	9.00	13.83	25.62	102391.59	1847	0	Umbriel	
262	0:01:42	1/1/2019 	96598	259.00	9.00	10.47	25.62	102391.67	51851	0	Umbriel	
263	0:01:42	1/1/2019 	96602	922.00	136.00	36.91	25.62	102391.67	1851	0	Umbriel	
264	0:01:42	1/1/2019 	96625	97.00	8.00	6.52	25.62	102391.67	1849	0	Umbriel	
265	0:01:43	1/1/2019 	97645	895.00	116.00	33.07	25.63	102391.53	49818	0	Umbriel	
266	0:01:44	1/1/2019 	98387	967.00	610.00	107.07	25.63	102391.47	1851	0	Umbriel	
267	0:01:45	1/1/2019 	99057	79.00	8.00	6.12	25.63	102391.39	49823	0	Umbriel	
268	0:01:45	1/1/2019 	99087	666.00	11.00	15.21	25.63	102391.39	3823	0	Umbriel	
269	0:01:46	1/1/2019 	100055	115.00	6.00	7.00	25.64	102391.22	49820	0	Umbriel	
270	0:01:46	1/1/2019 	100075	195.00	8.00	9.18	25.64	102391.22	2818	0	Umbriel	
271	0:01:46	1/1/2019 	100205	68.00	8.00	5.95	25.64	102391.22	1847	0	Umbriel	
272	0:01:46	1/1/2019 	100478	960.00	309.00	58.56	25.64	102391.31	1846	0	Umbriel	
273	0:01:46	1/1/2019 	100795	329.00	9.00	11.47	25.64	102391.31	49820	0	Umbriel	
274	0:01:47	1/1/2019 	101025	948.00	217.00	47.01	25.64	102391.41	1850	0	Umbriel	
275	0:01:47	1/1/2019 	101372	943.00	158.00	40.51	25.64	102391.41	3965	0	Umbriel	
276	0:01:47	1/1/2019 	101825	649.00	11.00	15.06	25.65	102391.51	49821	0	Umbriel	
277	0:01:47	1/1/2019 	101906	368.00	8.00	11.84	25.65	102391.51	1849	0	Umbriel	
278	0:01:48	1/1/2019 	102599	955.00	284.00	54.59	25.65	102391.16	49819	0	Umbriel	
279	0:01:48	1/1/2019 	102888	63.00	8.00	5.91	25.65	102391.16	1850	0	Umbriel	
280	0:01:49	1/1/2019 	103143	574.00	9.00	13.69	25.65	102391.26	1846	0	Umbriel	
281	0:01:49	1/1/2019 	103721	203.00	8.00	9.37	25.66	102391.02	51797	0	Umbriel	
282	0:01:49	1/1/2019 	103730	77.00	8.00	6.08	25.66	102391.02	1847	0	Umbriel	
283	0:01:50	1/1/2019 	104194	65.00	8.00	5.92	25.66	102391.02	1847	0	Umbriel	
284	0:01:50	1/1/2019 	104758	178.00	8.00	8.77	25.66	102391.52	49818	0	Umbriel	
285	0:01:51	1/1/2019 	105302	743.00	25.00	19.21	25.66	102391.44	1848	0	Umbriel	
286	0:01:51	1/1/2019 	105343	785.00	39.00	21.35	25.67	102391.54	1850	0	Umbriel	
287	0:01:51	1/1/2019 	105357	739.00	23.00	18.80	25.67	102391.54	1850	0	Umbriel	
288	0:01:51	1/1/2019 	105836	954.00	246.00	49.82	25.67	102391.54	51798	0	Umbriel	
289	0:01:51	1/1/2019 	105949	916.00	123.00	34.49	25.67	102391.47	1850	1	Umbriel	
290	0:01:51	1/1/2019 	105996	848.00	86.00	27.28	25.67	102391.47	1850	0	Umbriel	
291	0:01:52	1/1/2019 	106470	701.00	15.00	16.60	25.67	102391.40	1851	0	Umbriel	
292	0:01:52	1/1/2019 	106704	94.00	8.00	6.44	25.67	102391.40	49823	0	Umbriel	
293	0:01:53	1/1/2019 	107904	324.00	8.00	11.37	25.68	102391.39	49818	0	Umbriel	
294	0:01:54	1/1/2019 	108042	673.00	12.00	15.55	25.68	102391.39	3824	0	Umbriel	
295	0:01:54	1/1/2019 	108597	67.00	8.00	5.94	25.68	102391.91	49822	0	Umbriel	
296	0:01:54	1/1/2019 	108902	473.00	8.00	12.64	25.68	102391.84	1847	0	Umbriel	
297	0:01:55	1/1/2019 	109229	64.00	8.00	5.92	25.69	102391.94	1848	0	Umbriel	
298	0:01:55	1/1/2019 	109232	933.00	140.00	37.63	25.69	102391.94	1847	0	Umbriel	
299	0:01:56	1/1/2019 	110199	956.00	299.00	56.90	25.69	102392.00	49823	0	Umbriel	
300	0:01:56	1/1/2019 	110728	92.00	10.00	6.40	25.69	102391.93	52909	0	Umbriel	
301	0:01:57	1/1/2019 	111167	721.00	21.00	18.26	25.69	102392.03	1848	0	Umbriel	
302	0:01:58	1/1/2019 	112327	101.00	8.00	6.62	25.70	102392.39	49823	0	Umbriel	
303	0:01:58	1/1/2019 	112383	837.00	79.00	26.12	25.70	102392.39	1849	0	Umbriel	
304	0:01:58	1/1/2019 	112442	795.00	61.00	23.61	25.70	102392.39	1850	0	Umbriel	
305	0:01:58	1/1/2019 	112991	299.00	9.00	11.08	25.70	102392.48	49822	0	Umbriel	
306	0:01:59	1/1/2019 	113046	455.00	9.00	12.59	25.70	102392.55	1849	0	Umbriel	
307	0:01:59	1/1/2019 	113234	884.00	101.00	30.12	25.70	102392.55	3826	0	Umbriel	
308	0:02:00	1/1/2019 	114010	838.00	77.00	25.82	25.71	102392.91	49823	0	Umbriel	
309	0:02:00	1/1/2019 	114288	244.00	8.00	10.19	25.71	102393.17	1851	0	Umbriel	
310	0:02:00	1/1/2019 	114718	966.00	381.00	71.31	25.71	102393.09	49819	0	Umbriel	
311	0:02:00	1/1/2019 	114871	942.00	155.00	40.06	25.71	102393.09	1850	0	Umbriel	
312	0:02:01	1/1/2019 	115552	197.00	8.00	9.23	25.72	102393.16	49824	0	Umbriel	
313	0:02:01	1/1/2019 	115895	643.00	9.00	14.48	25.72	102393.26	3824	0	Umbriel	
314	0:02:02	1/1/2019 	116199	887.00	105.00	30.90	25.72	102393.26	1849	1	Umbriel	
315	0:02:02	1/1/2019 	116930	117.00	8.00	7.06	25.72	102393.45	49823	0	Umbriel	
316	0:02:02	1/1/2019 	116962	67.00	8.00	5.94	25.72	102393.45	1847	0	Umbriel	
317	0:02:03	1/1/2019 	117143	913.00	129.00	35.62	25.72	102393.45	1847	0	Umbriel	
318	0:02:03	1/1/2019 	117241	680.00	13.00	15.89	25.72	102393.45	1851	0	Umbriel	
319	0:02:04	1/1/2019 	118209	797.00	59.00	23.40	25.73	102393.27	51796	0	Umbriel	
320	0:02:04	1/1/2019 	118434	455.00	8.00	12.52	25.73	102393.27	1852	0	Umbriel	
321	0:02:04	1/1/2019 	118757	102.00	8.00	6.65	25.73	102393.38	49824	0	Umbriel	
322	0:02:04	1/1/2019 	118797	793.00	42.00	21.68	25.73	102393.38	1855	0	Umbriel	
323	0:02:04	1/1/2019 	118846	72.00	7.00	6.00	25.73	102393.38	1857	0	Umbriel	
324	0:02:04	1/1/2019 	118905	860.00	89.00	27.83	25.73	102393.38	1856	0	Umbriel	
325	0:02:04	1/1/2019 	118926	915.00	125.00	34.87	25.73	102393.38	1858	1	Umbriel	
326	0:02:05	1/1/2019 	119094	211.00	8.00	9.54	25.73	102393.30	3832	0	Umbriel	
327	0:02:05	1/1/2019 	119100	99.00	8.00	6.57	25.73	102393.30	1848	0	Umbriel	
328	0:02:05	1/1/2019 	119718	299.00	8.00	11.05	25.74	102393.32	49820	0	Umbriel	
329	0:02:06	1/1/2019 	120064	601.00	9.00	14.04	25.74	102393.32	2819	0	Umbriel	
330	0:02:06	1/1/2019 	120102	348.00	8.00	11.64	25.74	102393.32	1851	0	Umbriel	
331	0:02:07	1/1/2019 	121191	694.00	16.00	16.83	25.74	102393.14	49822	0	Umbriel	
332	0:02:07	1/1/2019 	121414	134.00	8.00	7.56	25.75	102393.08	3963	0	Umbriel	
333	0:02:08	1/1/2019 	122147	579.00	9.00	13.75	25.75	102392.83	49819	0	Umbriel	
334	0:02:08	1/1/2019 	122304	634.00	10.00	14.65	25.75	102392.83	1851	0	Umbriel	
335	0:02:08	1/1/2019 	122549	959.00	288.00	55.18	25.75	102392.93	49822	0	Umbriel	
336	0:02:08	1/1/2019 	122555	965.00	325.00	61.35	25.75	102392.93	1850	0	Umbriel	
337	0:02:08	1/1/2019 	122807	280.00	8.00	10.78	25.75	102392.93	1850	0	Umbriel	
338	0:02:09	1/1/2019 	123076	121.00	8.00	7.18	25.75	102392.69	3876	0	Umbriel	
339	0:02:09	1/1/2019 	123447	813.00	62.00	23.78	25.75	102392.69	1848	0	Umbriel	
340	0:02:09	1/1/2019 	123466	500.00	8.00	12.83	25.75	102392.69	1850	0	Umbriel	
341	0:02:09	1/1/2019 	123558	340.00	8.00	11.55	25.76	102392.42	49819	0	Umbriel	
342	0:02:09	1/1/2019 	123954	154.00	8.00	8.13	25.76	102392.42	1847	0	Umbriel	
343	0:02:10	1/1/2019 	124424	81.00	8.00	6.15	25.76	102392.95	1847	0	Umbriel	
344	0:02:10	1/1/2019 	124588	958.00	255.00	50.81	25.76	102392.95	49820	0	Umbriel	
345	0:02:10	1/1/2019 	124810	98.00	8.00	6.54	25.76	102393.05	3827	0	Umbriel	
346	0:02:11	1/1/2019 	125268	98.00	8.00	6.54	25.77	102392.97	1847	0	Umbriel	
347	0:02:12	1/1/2019 	126062	833.00	70.00	24.82	25.77	102392.91	49819	0	Umbriel	
348	0:02:12	1/1/2019 	126383	146.00	8.00	7.90	25.77	102393.39	1851	0	Umbriel	
349	0:02:12	1/1/2019 	126767	764.00	32.00	20.43	25.77	102393.39	49819	0	Umbriel	
350	0:02:12	1/1/2019 	126935	726.00	20.00	18.06	25.78	102393.32	1848	0	Umbriel	
351	0:02:13	1/1/2019 	127421	852.00	83.00	26.80	25.78	102393.25	3825	0	Umbriel	
352	0:02:13	1/1/2019 	127479	669.00	12.00	15.52	25.78	102393.25	1851	0	Umbriel	
353	0:02:14	1/1/2019 	128839	147.00	8.00	7.93	25.78	102393.08	97790	0	Umbriel	
354	0:02:14	1/1/2019 	128901	530.00	9.00	13.19	25.78	102393.08	1849	0	Umbriel	
355	0:02:15	1/1/2019 	129086	628.00	10.00	14.58	25.79	102393.00	1849	0	Umbriel	
356	0:02:15	1/1/2019 	129097	238.00	8.00	10.08	25.79	102393.00	1850	0	Umbriel	
357	0:02:15	1/1/2019 	129138	938.00	147.00	38.81	25.79	102393.00	3824	0	Umbriel	
358	0:02:15	1/1/2019 	129345	166.00	8.00	8.46	25.79	102393.00	1850	0	Umbriel	
359	0:02:15	1/1/2019 	129563	895.00	106.00	31.13	25.79	102392.77	49821	0	Umbriel	
360	0:02:15	1/1/2019 	129800	356.00	9.00	11.77	25.79	102392.77	2820	0	Umbriel	
361	0:02:16	1/1/2019 	130189	969.00	570.00	98.29	25.79	102393.30	1850	0	Umbriel	
362	0:02:16	1/1/2019 	130276	738.00	26.00	19.36	25.79	102393.30	1850	0	Umbriel	
363	0:02:16	1/1/2019 	130331	110.00	8.00	6.86	25.79	102393.30	1850	0	Umbriel	
364	0:02:16	1/1/2019 	130647	645.00	10.00	14.76	25.80	102393.22	51934	0	Umbriel	
365	0:02:16	1/1/2019 	130919	108.00	8.00	6.81	25.80	102393.22	1849	0	Umbriel	
366	0:02:17	1/1/2019 	131578	385.00	8.00	12.00	25.80	102392.95	49819	0	Umbriel	
367	0:02:18	1/1/2019 	132493	540.00	7.00	13.05	25.80	102392.98	1849	0	Umbriel	
368	0:02:18	1/1/2019 	132995	567.00	9.00	13.60	25.81	102392.73	49823	0	Umbriel	
369	0:02:19	1/1/2019 	133405	946.00	202.00	45.62	25.81	102392.83	1848	1	Umbriel	
370	0:02:19	1/1/2019 	133758	131.00	8.00	7.47	25.81	102392.83	51800	0	Umbriel	
371	0:02:19	1/1/2019 	133895	413.00	9.00	12.29	25.81	102392.83	1847	0	Umbriel	
372	0:02:19	1/1/2019 	133937	969.00	396.00	73.72	25.81	102392.83	1849	1	Umbriel	
373	0:02:20	1/1/2019 	134123	138.00	8.00	7.67	25.81	102392.73	1850	0	Umbriel	
374	0:02:20	1/1/2019 	134156	956.00	261.00	51.52	25.81	102392.73	1849	0	Umbriel	
375	0:02:20	1/1/2019 	134455	438.00	8.00	12.40	25.81	102392.73	1849	0	Umbriel	
376	0:02:21	1/1/2019 	135581	572.00	9.00	13.67	25.81	102391.81	99769	0	Umbriel	
377	0:02:21	1/1/2019 	135627	154.00	8.00	8.13	25.82	102391.75	1850	0	Umbriel	
378	0:02:21	1/1/2019 	135667	883.00	96.00	29.18	25.82	102391.75	1848	0	Umbriel	
379	0:02:21	1/1/2019 	135905	124.00	8.00	7.27	25.82	102391.75	1848	0	Umbriel	
380	0:02:22	1/1/2019 	136152	947.00	236.00	48.80	25.82	102391.94	1847	1	Umbriel	
381	0:02:23	1/1/2019 	137697	130.00	8.00	7.44	25.83	102391.59	97794	0	Umbriel	
382	0:02:23	1/1/2019 	137939	823.00	75.00	25.48	25.83	102391.36	1849	0	Umbriel	
383	0:02:24	1/1/2019 	138140	793.00	45.00	21.98	25.83	102391.36	3879	0	Umbriel	
384	0:02:24	1/1/2019 	138594	615.00	9.00	14.21	25.83	102391.28	49823	0	Umbriel	
385	0:02:24	1/1/2019 	138678	141.00	8.00	7.76	25.83	102391.28	1849	0	Umbriel	
386	0:02:24	1/1/2019 	138822	869.00	95.00	28.94	25.83	102391.28	1847	0	Umbriel	
387	0:02:25	1/1/2019 	139063	368.00	9.00	11.89	25.84	102391.64	1849	0	Umbriel	
388	0:02:25	1/1/2019 	139311	535.00	9.00	13.24	25.84	102391.64	1851	0	Umbriel	
389	0:02:25	1/1/2019 	139339	74.00	8.00	6.03	25.84	102391.64	3825	0	Umbriel	
390	0:02:25	1/1/2019 	139953	66.00	8.00	5.93	25.84	102391.71	49819	0	Umbriel	
391	0:02:26	1/1/2019 	140112	170.00	8.00	8.56	25.84	102391.64	2817	0	Umbriel	
392	0:02:27	1/1/2019 	141571	640.00	10.00	14.71	25.85	102391.92	97793	0	Umbriel	
393	0:02:27	1/1/2019 	141732	110.00	8.00	6.86	25.85	102391.98	1851	0	Umbriel	
394	0:02:28	1/1/2019 	142217	758.00	30.00	20.12	25.85	102391.91	1847	0	Umbriel	
395	0:02:28	1/1/2019 	142302	283.00	8.00	10.82	25.85	102391.91	1851	0	Umbriel	
396	0:02:28	1/1/2019 	142771	129.00	8.00	7.41	25.86	102391.67	51935	0	Umbriel	
397	0:02:29	1/1/2019 	143021	109.00	8.00	6.84	25.86	102391.67	1847	0	Umbriel	
398	0:02:29	1/1/2019 	143466	792.00	52.00	22.66	25.86	102391.77	1849	0	Umbriel	
399	0:02:29	1/1/2019 	143682	891.00	112.00	32.28	25.86	102391.77	49823	0	Umbriel	
400	0:02:29	1/1/2019 	143823	761.00	33.00	20.55	25.86	102391.77	1850	0	Umbriel	
401	0:02:30	1/1/2019 	144162	75.00	7.00	6.05	25.86	102391.70	1849	0	Umbriel	
402	0:02:30	1/1/2019 	144550	165.00	8.00	8.43	25.87	102391.86	51797	0	Umbriel	
403	0:02:31	1/1/2019 	145210	907.00	124.00	34.66	25.87	102391.95	1846	0	Umbriel	
404	0:02:32	1/1/2019 	146213	502.00	9.00	12.94	25.87	102391.98	49823	0	Umbriel	
405	0:02:32	1/1/2019 	146250	984.00	908.00	177.95	25.87	102391.98	1851	0	Umbriel	
406	0:02:33	1/1/2019 	147018	975.00	822.00	147.61	25.88	102391.91	49824	0	Umbriel	
407	0:02:33	1/1/2019 	147189	200.00	9.00	9.31	25.88	102392.23	1851	0	Umbriel	
408	0:02:33	1/1/2019 	147564	138.00	8.00	7.67	25.88	102392.23	51742	0	Umbriel	
409	0:02:33	1/1/2019 	147617	299.00	8.00	11.05	25.88	102392.23	1847	0	Umbriel	
410	0:02:34	1/1/2019 	148072	192.00	8.00	9.11	25.88	102392.00	1847	0	Umbriel	
411	0:02:34	1/1/2019 	148235	131.00	8.00	7.47	25.88	102392.00	1847	0	Umbriel	
412	0:02:34	1/1/2019 	148654	709.00	18.00	17.46	25.89	102391.92	49821	0	Umbriel	
413	0:02:34	1/1/2019 	148656	851.00	88.00	27.63	25.89	102391.92	1850	0	Umbriel	
414	0:02:34	1/1/2019 	148962	549.00	9.00	13.39	25.89	102391.69	1849	0	Umbriel	
415	0:02:35	1/1/2019 	149110	686.00	13.00	15.93	25.89	102391.69	5130	0	Umbriel	
416	0:02:35	1/1/2019 	149486	204.00	8.00	9.39	25.89	102392.02	1850	0	Umbriel	
417	0:02:35	1/1/2019 	149856	194.00	8.00	9.16	25.89	102392.02	49821	0	Umbriel	
418	0:02:36	1/1/2019 	150102	100.00	8.00	6.59	25.89	102391.34	2594	0	Umbriel	
419	0:02:36	1/1/2019 	150165	299.00	8.00	11.05	25.89	102391.34	1848	0	Umbriel	
420	0:02:36	1/1/2019 	150749	185.00	8.00	8.95	25.90	102391.70	49818	0	Umbriel	
421	0:02:37	1/1/2019 	151150	840.00	84.00	26.92	25.90	102391.46	3963	0	Umbriel	
422	0:02:37	1/1/2019 	151379	702.00	15.00	16.61	25.90	102391.46	1850	0	Umbriel	
423	0:02:37	1/1/2019 	151388	181.00	9.00	8.85	25.90	102391.46	1849	0	Umbriel	
424	0:02:37	1/1/2019 	151753	700.00	15.00	16.60	25.90	102391.22	49821	0	Umbriel	
425	0:02:38	1/1/2019 	152421	178.00	7.00	8.76	25.91	102391.12	1850	0	Umbriel	
426	0:02:38	1/1/2019 	152454	692.00	15.00	16.54	25.91	102391.12	1850	0	Umbriel	
427	0:02:38	1/1/2019 	152663	959.00	286.00	54.88	25.91	102390.88	51801	1	Umbriel	
428	0:02:38	1/1/2019 	152787	170.00	8.00	8.56	25.91	102390.88	1857	0	Umbriel	
429	0:02:39	1/1/2019 	153291	937.00	145.00	38.48	25.91	102390.80	1852	0	Umbriel	
430	0:02:39	1/1/2019 	153379	121.00	2.00	7.16	25.91	102390.80	1850	0	Umbriel	
431	0:02:39	1/1/2019 	153731	790.00	48.00	22.27	25.91	102390.80	49819	0	Umbriel	
432	0:02:39	1/1/2019 	153909	366.00	8.00	11.82	25.91	102390.73	1850	0	Umbriel	
433	0:02:39	1/1/2019 	153972	949.00	161.00	40.94	25.91	102390.73	1848	1	Umbriel	
434	0:02:40	1/1/2019 	154373	75.00	8.00	6.05	25.92	102390.66	3825	0	Umbriel	
435	0:02:40	1/1/2019 	154422	693.00	14.00	16.27	25.92	102390.66	1848	0	Umbriel	
436	0:02:41	1/1/2019 	155306	188.00	8.00	9.02	25.92	102390.99	49822	0	Umbriel	
437	0:02:42	1/1/2019 	156077	76.00	8.00	6.07	25.93	102390.84	49822	0	Umbriel	
438	0:02:42	1/1/2019 	156571	880.00	100.00	29.92	25.93	102390.61	49823	0	Umbriel	
439	0:02:42	1/1/2019 	156975	163.00	9.00	8.38	25.93	102390.61	1850	0	Umbriel	
440	0:02:43	1/1/2019 	157030	628.00	10.00	14.58	25.93	102390.61	3825	0	Umbriel	
441	0:02:43	1/1/2019 	157296	520.00	9.00	13.10	25.93	102390.20	1851	0	Umbriel	
442	0:02:43	1/1/2019 	157351	728.00	22.00	18.53	25.93	102390.20	1849	0	Umbriel	
443	0:02:43	1/1/2019 	157837	227.00	8.00	9.87	25.93	102390.09	49822	0	Umbriel	
444	0:02:44	1/1/2019 	158954	90.00	8.00	6.35	25.94	102390.38	49821	0	Umbriel	
445	0:02:45	1/1/2019 	159807	738.00	24.00	18.99	25.95	102390.24	49824	0	Umbriel	
446	0:02:45	1/1/2019 	159844	414.00	8.00	12.23	25.95	102390.24	2596	0	Umbriel	
447	0:02:46	1/1/2019 	160590	73.00	8.00	6.02	25.95	102390.43	51989	0	Umbriel	
448	0:02:47	1/1/2019 	161965	789.00	66.00	24.17	25.96	102390.62	49824	0	Umbriel	
449	0:02:48	1/1/2019 	162415	680.00	13.00	15.89	25.96	102391.12	1855	0	Umbriel	
450	0:02:48	1/1/2019 	162636	586.00	9.00	13.84	25.97	102391.05	49823	0	Umbriel	
451	0:02:48	1/1/2019 	162904	140.00	8.00	7.73	25.97	102391.05	1849	0	Umbriel	
452	0:02:48	1/1/2019 	162993	278.00	11.00	10.82	25.97	102391.05	1847	0	Umbriel	
453	0:02:50	1/1/2019 	164106	153.00	8.00	8.10	25.97	102391.34	51799	0	Umbriel	
454	0:02:50	1/1/2019 	164124	213.00	8.00	9.58	25.97	102391.34	1848	0	Umbriel	
455	0:02:50	1/1/2019 	164485	766.00	35.00	20.82	25.98	102391.39	1847	0	Umbriel	
456	0:02:50	1/1/2019 	164559	957.00	249.00	50.14	25.98	102391.39	49823	0	Umbriel	
457	0:02:50	1/1/2019 	164798	714.00	18.00	17.50	25.98	102391.16	1850	0	Umbriel	
458	0:02:51	1/1/2019 	165231	723.00	20.00	18.05	25.98	102391.16	1850	0	Umbriel	
459	0:02:51	1/1/2019 	165270	958.00	293.00	55.95	25.98	102391.16	3826	1	Umbriel	
460	0:02:51	1/1/2019 	165342	518.00	8.00	12.97	25.98	102391.09	1849	0	Umbriel	
461	0:02:51	1/1/2019 	165595	155.00	8.00	8.16	25.98	102391.09	49821	0	Umbriel	
462	0:02:52	1/1/2019 	166332	138.00	8.00	7.67	25.98	102390.84	1847	0	Umbriel	
463	0:02:52	1/1/2019 	166405	71.00	8.00	5.99	25.99	102390.61	1848	0	Umbriel	
464	0:02:52	1/1/2019 	166707	954.00	204.00	45.81	25.99	102390.61	49821	1	Umbriel	
465	0:02:53	1/1/2019 	167014	200.00	8.00	9.30	25.99	102390.34	1849	0	Umbriel	
466	0:02:53	1/1/2019 	167398	121.00	8.00	7.18	25.99	102390.34	3823	0	Umbriel	
467	0:02:53	1/1/2019 	167568	682.00	13.00	15.90	25.99	102390.09	49818	0	Umbriel	
468	0:02:54	1/1/2019 	168076	468.00	9.00	12.69	26.00	102390.28	1851	0	Umbriel	
469	0:02:54	1/1/2019 	168127	794.00	52.00	22.67	26.00	102390.28	1851	0	Umbriel	
470	0:02:56	1/1/2019 	170144	686.00	14.00	16.22	26.00	102390.04	97798	0	Umbriel	
471	0:02:56	1/1/2019 	170479	258.00	8.00	10.43	26.01	102389.80	2598	0	Umbriel	
472	0:02:56	1/1/2019 	170621	841.00	85.00	27.09	26.01	102389.80	51957	0	Umbriel	
473	0:02:56	1/1/2019 	170786	509.00	9.00	13.00	26.01	102389.73	1849	0	Umbriel	
474	0:02:56	1/1/2019 	170821	102.00	8.00	6.65	26.01	102389.73	1849	0	Umbriel	
475	0:02:57	1/1/2019 	171463	123.00	8.00	7.24	26.01	102389.66	1846	0	Umbriel	
476	0:02:57	1/1/2019 	171566	69.00	8.00	5.97	26.01	102389.66	49821	0	Umbriel	
477	0:02:57	1/1/2019 	171625	100.00	8.00	6.59	26.01	102389.66	1846	0	Umbriel	
478	0:02:57	1/1/2019 	171798	112.00	8.00	6.92	26.01	102389.66	3843	0	Umbriel	
479	0:02:57	1/1/2019 	171801	160.00	8.00	8.30	26.01	102389.66	1847	0	Umbriel	
480	0:02:58	1/1/2019 	172359	906.00	125.00	34.85	26.01	102389.59	1848	0	Umbriel	
481	0:02:58	1/1/2019 	172687	65.00	8.00	5.92	26.02	102390.08	49824	0	Umbriel	
482	0:02:58	1/1/2019 	172889	223.00	8.00	9.79	26.02	102390.08	1847	0	Umbriel	
483	0:02:59	1/1/2019 	173049	904.00	123.00	34.46	26.02	102390.01	1848	0	Umbriel	
484	0:02:59	1/1/2019 	173235	526.00	8.00	13.04	26.02	102390.01	1850	0	Umbriel	
485	0:02:59	1/1/2019 	173483	399.00	8.00	12.11	26.02	102390.01	3843	0	Umbriel	
486	0:02:59	1/1/2019 	173885	281.00	8.00	10.79	26.02	102389.94	49822	0	Umbriel	
487	0:03:00	1/1/2019 	174245	592.00	9.00	13.92	26.03	102390.03	1847	0	Umbriel	
488	0:03:00	1/1/2019 	174993	130.00	8.00	7.44	26.03	102389.79	49824	0	Umbriel	
489	0:03:01	1/1/2019 	175372	590.00	9.00	13.90	26.03	102389.69	1847	0	Umbriel	
490	0:03:02	1/1/2019 	176346	380.00	8.00	11.95	26.04	102390.14	49824	0	Umbriel	
491	0:03:02	1/1/2019 	176905	792.00	49.00	22.37	26.04	102390.07	51874	0	Umbriel	
492	0:03:03	1/1/2019 	177312	675.00	12.00	15.56	26.04	102390.07	1849	0	Umbriel	
493	0:03:03	1/1/2019 	177448	976.00	643.00	114.95	26.04	102389.97	1850	1	Umbriel	
494	0:03:05	1/1/2019 	179204	604.00	9.00	14.07	26.05	102390.09	97798	0	Umbriel	
495	0:03:05	1/1/2019 	179299	952.00	242.00	49.40	26.05	102390.09	1851	1	Umbriel	
496	0:03:05	1/1/2019 	179691	275.00	8.00	10.70	26.05	102390.02	49825	0	Umbriel	
497	0:03:06	1/1/2019 	180432	793.00	48.00	22.28	26.06	102389.74	73258	0	Umbriel	
498	0:03:06	1/1/2019 	180554	900.00	117.00	33.29	26.06	102389.74	49824	0	Umbriel	
499	0:03:06	1/1/2019 	180714	453.00	9.00	12.58	26.06	102389.84	1850	0	Umbriel	
500	0:03:06	1/1/2019 	180954	126.00	8.00	7.32	26.06	102389.84	1849	0	Umbriel	
501	0:03:07	1/1/2019 	181772	760.00	34.00	20.67	26.06	102390.20	49820	0	Umbriel	
502	0:03:07	1/1/2019 	181813	571.00	13.00	14.17	26.07	102390.12	1853	0	Umbriel	
503	0:03:08	1/1/2019 	182327	100.00	8.00	6.59	26.07	102390.05	1854	0	Umbriel	
504	0:03:09	1/1/2019 	183349	934.00	150.00	39.29	26.07	102389.95	51796	0	Umbriel	
505	0:03:09	1/1/2019 	183708	154.00	8.00	8.13	26.07	102389.88	49829	0	Umbriel	
506	0:03:10	1/1/2019 	184060	703.00	17.00	17.16	26.08	102389.97	1853	0	Umbriel	
507	0:03:10	1/1/2019 	184119	325.00	8.00	11.38	26.08	102389.97	1851	0	Umbriel	
508	0:03:10	1/1/2019 	184491	956.00	241.00	49.30	26.08	102389.97	1847	0	Umbriel	
509	0:03:11	1/1/2019 	185134	640.00	10.00	14.71	26.08	102389.49	49823	0	Umbriel	
510	0:03:11	1/1/2019 	185270	948.00	182.00	43.58	26.08	102389.49	3826	1	Umbriel	
511	0:03:12	1/1/2019 	186025	948.00	224.00	47.65	26.08	102389.22	49825	1	Umbriel	
512	0:03:12	1/1/2019 	186047	93.00	8.00	6.42	26.08	102389.22	1851	0	Umbriel	
513	0:03:12	1/1/2019 	186498	74.00	8.00	6.03	26.09	102389.58	1846	0	Umbriel	
514	0:03:12	1/1/2019 	186652	854.00	93.00	28.52	26.09	102389.58	49823	0	Umbriel	
515	0:03:12	1/1/2019 	186678	275.00	8.00	10.70	26.09	102389.58	1849	0	Umbriel	
516	0:03:12	1/1/2019 	186682	788.00	64.00	23.92	26.09	102389.58	3823	0	Umbriel	
517	0:03:12	1/1/2019 	186718	750.00	28.00	19.77	26.09	102389.58	1849	0	Umbriel	
518	0:03:13	1/1/2019 	187163	600.00	9.00	14.02	26.09	102389.34	1850	0	Umbriel	
519	0:03:13	1/1/2019 	187170	822.00	79.00	26.07	26.09	102389.34	1850	0	Umbriel	
520	0:03:13	1/1/2019 	187326	958.00	286.00	54.88	26.09	102389.44	1849	0	Umbriel	
521	0:03:13	1/1/2019 	187605	949.00	179.00	43.24	26.09	102389.44	49824	0	Umbriel	
522	0:03:13	1/1/2019 	187822	827.00	78.00	25.94	26.09	102389.44	1849	0	Umbriel	
523	0:03:13	1/1/2019 	187992	674.00	12.00	15.55	26.10	102389.20	3825	0	Umbriel	
524	0:03:14	1/1/2019 	188330	908.00	129.00	35.60	26.10	102389.20	1849	1	Umbriel	
525	0:03:15	1/1/2019 	189100	64.00	8.00	5.92	26.10	102389.19	49825	0	Umbriel	
526	0:03:15	1/1/2019 	189139	74.00	8.00	6.03	26.10	102389.19	1847	0	Umbriel	
527	0:03:15	1/1/2019 	189171	726.00	21.00	18.29	26.10	102389.19	1847	0	Umbriel	
528	0:03:15	1/1/2019 	189330	579.00	9.00	13.75	26.10	102389.19	1849	0	Umbriel	
529	0:03:15	1/1/2019 	189793	748.00	25.00	19.24	26.11	102389.55	51799	0	Umbriel	
530	0:03:16	1/1/2019 	190556	440.00	8.00	12.41	26.11	102389.47	50570	0	Umbriel	
531	0:03:17	1/1/2019 	191086	146.00	8.00	7.90	26.11	102389.37	1848	0	Umbriel	
532	0:03:17	1/1/2019 	191147	636.00	10.00	14.67	26.11	102389.12	1850	0	Umbriel	
533	0:03:17	1/1/2019 	191293	152.00	8.00	8.07	26.11	102389.12	1857	0	Umbriel	
534	0:03:18	1/1/2019 	192908	141.00	8.00	7.76	26.12	102389.52	97797	0	Umbriel	
535	0:03:20	1/1/2019 	194181	105.00	8.00	6.73	26.13	102389.34	51935	0	Umbriel	
536	0:03:20	1/1/2019 	194267	804.00	55.00	23.00	26.13	102389.34	1848	0	Umbriel	
537	0:03:20	1/1/2019 	194279	100.00	9.00	6.60	26.13	102389.34	1850	0	Umbriel	
538	0:03:20	1/1/2019 	194568	913.00	127.00	35.24	26.13	102389.09	49823	0	Umbriel	
539	0:03:20	1/1/2019 	194648	143.00	8.00	7.82	26.13	102389.09	1850	0	Umbriel	
540	0:03:21	1/1/2019 	195711	568.00	9.00	13.62	26.14	102389.18	49819	0	Umbriel	
541	0:03:21	1/1/2019 	195873	101.00	8.00	6.62	26.14	102389.18	1850	0	Umbriel	
542	0:03:21	1/1/2019 	195955	315.00	8.00	11.26	26.14	102389.18	3876	0	Umbriel	
543	0:03:22	1/1/2019 	196189	110.00	8.00	6.86	26.14	102389.28	1848	0	Umbriel	
544	0:03:22	1/1/2019 	196271	802.00	61.00	23.64	26.14	102389.28	1848	0	Umbriel	
545	0:03:22	1/1/2019 	196786	630.00	9.00	14.37	26.14	102389.03	49823	0	Umbriel	
546	0:03:22	1/1/2019 	196880	68.00	3.00	5.95	26.14	102389.03	1848	0	Umbriel	
547	0:03:23	1/1/2019 	197121	432.00	8.00	12.36	26.14	102389.03	1848	0	Umbriel	
548	0:03:23	1/1/2019 	197155	114.00	9.00	6.98	26.14	102389.03	3822	0	Umbriel	
549	0:03:23	1/1/2019 	197284	447.00	8.00	12.46	26.15	102388.97	1848	0	Umbriel	
550	0:03:23	1/1/2019 	197781	176.00	8.00	8.72	26.15	102388.89	49820	0	Umbriel	
551	0:03:24	1/1/2019 	198123	298.00	8.00	11.03	26.15	102388.89	1847	0	Umbriel	
552	0:03:24	1/1/2019 	198406	965.00	410.00	75.81	26.15	102388.79	1848	0	Umbriel	
553	0:03:24	1/1/2019 	198649	626.00	9.00	14.33	26.15	102388.79	49823	0	Umbriel	
554	0:03:24	1/1/2019 	198826	877.00	98.00	29.53	26.16	102388.98	1849	0	Umbriel	
555	0:03:24	1/1/2019 	198832	606.00	9.00	14.10	26.16	102388.98	3824	0	Umbriel	
556	0:03:24	1/1/2019 	198974	446.00	8.00	12.46	26.16	102388.98	1850	0	Umbriel	
557	0:03:26	1/1/2019 	200024	849.00	90.00	27.97	26.16	102388.84	49821	0	Umbriel	
558	0:03:26	1/1/2019 	200366	968.00	580.00	100.40	26.16	102388.84	2597	1	Umbriel	
559	0:03:26	1/1/2019 	200612	866.00	98.00	29.48	26.16	102388.77	49824	0	Umbriel	
560	0:03:27	1/1/2019 	201074	206.00	8.00	9.43	26.17	102388.83	1851	0	Umbriel	
561	0:03:27	1/1/2019 	201644	365.00	8.00	11.81	26.17	102389.19	51934	0	Umbriel	
562	0:03:28	1/1/2019 	202386	131.00	8.00	7.47	26.17	102389.28	1847	0	Umbriel	
563	0:03:28	1/1/2019 	202782	761.00	33.00	20.55	26.18	102389.05	49821	0	Umbriel	
564	0:03:29	1/1/2019 	203046	760.00	36.00	20.91	26.18	102389.05	1851	0	Umbriel	
565	0:03:29	1/1/2019 	203749	95.00	8.00	6.47	26.18	102389.11	49822	0	Umbriel	
566	0:03:29	1/1/2019 	203772	156.00	8.00	8.19	26.18	102389.03	1846	0	Umbriel	
567	0:03:30	1/1/2019 	204323	938.00	156.00	40.21	26.18	102389.12	3825	1	Umbriel	
568	0:03:31	1/1/2019 	205134	210.00	8.00	9.52	26.19	102389.05	49830	0	Umbriel	
569	0:03:31	1/1/2019 	205859	107.00	8.00	6.78	26.19	102388.98	49822	0	Umbriel	
570	0:03:32	1/1/2019 	206038	84.00	7.00	6.21	26.19	102389.31	1846	0	Umbriel	
571	0:03:32	1/1/2019 	206843	646.00	10.00	14.77	26.19	102388.98	49825	0	Umbriel	
572	0:03:33	1/1/2019 	207680	822.00	73.00	25.20	26.20	102389.27	49821	1	Umbriel	
573	0:03:34	1/1/2019 	208071	367.00	2.00	11.45	26.20	102389.27	1851	0	Umbriel	
574	0:03:34	1/1/2019 	208355	156.00	8.00	8.19	26.20	102389.19	3823	0	Umbriel	
575	0:03:34	1/1/2019 	208402	961.00	324.00	61.17	26.20	102389.19	1847	0	Umbriel	
576	0:03:34	1/1/2019 	208806	901.00	115.00	32.90	26.21	102389.09	49823	0	Umbriel	
577	0:03:35	1/1/2019 	209979	810.00	69.00	24.62	26.21	102388.95	49826	0	Umbriel	
578	0:03:36	1/1/2019 	210009	155.00	8.00	8.16	26.21	102388.95	2597	0	Umbriel	
579	0:03:36	1/1/2019 	210033	970.00	432.00	78.77	26.21	102388.95	1849	0	Umbriel	
580	0:03:36	1/1/2019 	210093	66.00	8.00	5.93	26.21	102388.95	3964	0	Umbriel	
581	0:03:36	1/1/2019 	210119	418.00	8.00	12.26	26.21	102388.95	1847	0	Umbriel	
582	0:03:36	1/1/2019 	210791	330.00	8.00	11.44	26.21	102388.70	49820	0	Umbriel	
583	0:03:36	1/1/2019 	210864	552.00	8.00	13.30	26.21	102388.70	1848	0	Umbriel	
584	0:03:36	1/1/2019 	210958	538.00	9.00	13.27	26.22	102389.03	1847	0	Umbriel	
585	0:03:37	1/1/2019 	211074	103.00	8.00	6.67	26.22	102389.03	1849	0	Umbriel	
586	0:03:38	1/1/2019 	212453	956.00	268.00	52.39	26.22	102389.05	51797	0	Umbriel	
587	0:03:38	1/1/2019 	212575	358.00	8.00	11.74	26.23	102389.14	49824	0	Umbriel	
588	0:03:38	1/1/2019 	212604	626.00	9.00	14.33	26.23	102389.14	1848	0	Umbriel	
589	0:03:39	1/1/2019 	213114	451.00	9.00	12.57	26.23	102389.08	1850	0	Umbriel	
590	0:03:39	1/1/2019 	213452	120.00	8.00	7.15	26.23	102389.08	1851	0	Umbriel	
591	0:03:39	1/1/2019 	213455	437.00	9.00	12.47	26.23	102389.08	1847	0	Umbriel	
592	0:03:39	1/1/2019 	213606	400.00	8.00	12.12	26.23	102389.08	49823	0	Umbriel	
593	0:03:39	1/1/2019 	213659	314.00	8.00	11.24	26.23	102389.17	3822	0	Umbriel	
594	0:03:39	1/1/2019 	213981	908.00	120.00	33.89	26.23	102389.17	1847	0	Umbriel	
595	0:03:40	1/1/2019 	214019	918.00	135.00	36.73	26.23	102389.17	1850	0	Umbriel	
596	0:03:40	1/1/2019 	214277	959.00	277.00	53.59	26.23	102388.90	1851	0	Umbriel	
597	0:03:40	1/1/2019 	214350	63.00	7.00	5.91	26.23	102388.90	1849	0	Umbriel	
598	0:03:41	1/1/2019 	215564	302.00	8.00	11.09	26.24	102389.19	97797	0	Umbriel	
599	0:03:41	1/1/2019 	215786	85.00	8.00	6.24	26.24	102389.19	3823	0	Umbriel	
600	0:03:41	1/1/2019 	215933	361.00	8.00	11.77	26.24	102389.11	1846	0	Umbriel	
601	0:03:41	1/1/2019 	215946	639.00	10.00	14.70	26.24	102389.11	1846	0	Umbriel	
602	0:03:42	1/1/2019 	216244	665.00	11.00	15.20	26.24	102389.11	1850	0	Umbriel	
603	0:03:42	1/1/2019 	216932	463.00	8.00	12.57	26.25	102389.01	49824	0	Umbriel	
604	0:03:43	1/1/2019 	217094	773.00	43.00	21.71	26.25	102389.37	1847	0	Umbriel	
605	0:03:43	1/1/2019 	217336	946.00	174.00	42.64	26.25	102389.37	3825	0	Umbriel	
606	0:03:43	1/1/2019 	217668	533.00	9.00	13.22	26.25	102389.30	49824	0	Umbriel	
607	0:03:43	1/1/2019 	217728	947.00	188.00	44.22	26.25	102389.30	1850	0	Umbriel	
608	0:03:43	1/1/2019 	217742	541.00	9.00	13.31	26.25	102389.30	1849	0	Umbriel	
609	0:03:44	1/1/2019 	218257	789.00	44.00	21.87	26.26	102389.05	1851	0	Umbriel	
610	0:03:44	1/1/2019 	218422	129.00	8.00	7.41	26.26	102389.05	1850	0	Umbriel	
611	0:03:44	1/1/2019 	218572	744.00	28.00	19.74	26.26	102389.05	49823	0	Umbriel	
612	0:03:44	1/1/2019 	218590	669.00	12.00	15.52	26.26	102389.05	3825	0	Umbriel	
613	0:03:44	1/1/2019 	218965	206.00	8.00	9.43	26.26	102389.38	1851	0	Umbriel	
614	0:03:45	1/1/2019 	219701	744.00	29.00	19.89	26.26	102389.30	49828	0	Umbriel	
615	0:03:45	1/1/2019 	219747	921.00	137.00	37.09	26.27	102389.23	2838	0	Umbriel	
616	0:03:45	1/1/2019 	219977	743.00	28.00	19.73	26.27	102389.23	1851	0	Umbriel	
617	0:03:46	1/1/2019 	220974	730.00	24.00	18.94	26.27	102389.33	49825	0	Umbriel	
618	0:03:47	1/1/2019 	221062	98.00	8.00	6.54	26.27	102389.33	4018	0	Umbriel	
619	0:03:47	1/1/2019 	221088	397.00	8.00	12.10	26.27	102389.33	1848	0	Umbriel	
620	0:03:47	1/1/2019 	221148	62.00	8.00	5.90	26.27	102389.33	1848	0	Umbriel	
621	0:03:47	1/1/2019 	221177	961.00	305.00	57.88	26.27	102389.33	1847	0	Umbriel	
622	0:03:47	1/1/2019 	221361	809.00	59.00	23.44	26.28	102389.25	1850	0	Umbriel	
623	0:03:48	1/1/2019 	222073	144.00	8.00	7.85	26.28	102389.17	49822	0	Umbriel	
624	0:03:48	1/1/2019 	222716	884.00	106.00	31.08	26.28	102389.11	49821	0	Umbriel	
625	0:03:48	1/1/2019 	222979	77.00	8.00	6.08	26.28	102389.11	3826	0	Umbriel	
626	0:03:49	1/1/2019 	223586	917.00	137.00	37.08	26.29	102389.12	49823	0	Umbriel	
627	0:03:49	1/1/2019 	223611	283.00	8.00	10.82	26.29	102389.12	1857	0	Umbriel	
628	0:03:49	1/1/2019 	223752	715.00	18.00	17.50	26.29	102389.12	1855	0	Umbriel	
629	0:03:49	1/1/2019 	223806	696.00	16.00	16.85	26.29	102389.12	1858	0	Umbriel	
630	0:03:50	1/1/2019 	224455	786.00	48.00	22.25	26.29	102389.45	1853	0	Umbriel	
631	0:03:50	1/1/2019 	224821	101.00	8.00	6.62	26.29	102389.38	51799	0	Umbriel	
632	0:03:50	1/1/2019 	224974	469.00	8.00	12.61	26.29	102389.38	1847	0	Umbriel	
633	0:03:51	1/1/2019 	225420	169.00	8.00	8.54	26.30	102389.31	1847	0	Umbriel	
634	0:03:51	1/1/2019 	225567	942.00	156.00	40.21	26.30	102389.31	49822	0	Umbriel	
635	0:03:52	1/1/2019 	226165	383.00	8.00	11.98	26.30	102389.41	1849	0	Umbriel	
636	0:03:52	1/1/2019 	226426	136.00	7.00	7.61	26.30	102389.47	1848	0	Umbriel	
637	0:03:52	1/1/2019 	226596	99.00	8.00	6.57	26.30	102389.47	51798	0	Umbriel	
638	0:03:53	1/1/2019 	227117	563.00	8.00	13.41	26.30	102389.23	1847	0	Umbriel	
639	0:03:53	1/1/2019 	227886	961.00	331.00	62.43	26.31	102389.16	49821	1	Umbriel	
640	0:03:54	1/1/2019 	228115	951.00	270.00	52.65	26.31	102389.09	1850	0	Umbriel	
641	0:03:55	1/1/2019 	229101	110.00	8.00	6.86	26.32	102389.17	49824	0	Umbriel	
642	0:03:55	1/1/2019 	229476	334.00	8.00	11.48	26.32	102389.17	1848	0	Umbriel	
