###################################################################################################
### CosmicWatch: The Desktop Muon Detector
### Device ID: NiktaFakhri 2
### Launch time: 0:00:06 1/1/2019
### Questions? Email Spencer N. Axani (saxani@mit.edu)
### Event Time Date TimeStamp[ms] ADC1 ADC2 SiPM[mV] Temp[C] Pressure[Pa] DeadTime[us] Coincident ID
###################################################################################################
1	0:00:07	1/1/2019 	207	813.00	50.00	22.52	24.65	102460.62	48035	0	NiktaFakhri 2	
2	0:00:07	1/1/2019 	645	729.00	15.00	16.69	24.65	102461.02	54035	0	NiktaFakhri 2	
3	0:00:07	1/1/2019 	864	579.00	9.00	13.75	24.65	102461.02	1836	0	NiktaFakhri 2	
4	0:00:08	1/1/2019 	1027	99.00	8.00	6.57	24.65	102460.84	1835	0	NiktaFakhri 2	
5	0:00:09	1/1/2019 	2462	963.00	213.00	46.64	24.65	102461.05	49879	0	NiktaFakhri 2	
6	0:00:10	1/1/2019 	3307	417.00	9.00	12.32	24.66	102461.10	49880	0	NiktaFakhri 2	
7	0:00:10	1/1/2019 	3764	165.00	9.00	8.44	24.66	102461.10	49878	0	NiktaFakhri 2	
8	0:00:10	1/1/2019 	3772	109.00	8.00	6.84	24.66	102461.10	3883	0	NiktaFakhri 2	
9	0:00:11	1/1/2019 	4562	88.00	9.00	6.30	24.66	102461.30	49880	0	NiktaFakhri 2	
10	0:00:11	1/1/2019 	4713	710.00	13.00	16.01	24.66	102461.36	1835	0	NiktaFakhri 2	
11	0:00:11	1/1/2019 	4789	885.00	85.00	27.24	24.66	102461.36	1835	1	NiktaFakhri 2	
12	0:00:11	1/1/2019 	4943	978.00	467.00	82.94	24.66	102461.36	1835	0	NiktaFakhri 2	
13	0:00:12	1/1/2019 	5162	72.00	10.00	6.01	24.66	102461.36	1834	0	NiktaFakhri 2	
14	0:00:12	1/1/2019 	5728	744.00	19.00	17.88	24.66	102461.75	51874	0	NiktaFakhri 2	
15	0:00:13	1/1/2019 	6162	820.00	59.00	23.46	24.66	102461.92	1837	0	NiktaFakhri 2	
16	0:00:13	1/1/2019 	6862	400.00	9.00	12.18	24.66	102461.75	49879	0	NiktaFakhri 2	
17	0:00:14	1/1/2019 	7026	573.00	9.00	13.68	24.66	102461.75	1835	0	NiktaFakhri 2	
18	0:00:14	1/1/2019 	7172	104.00	9.00	6.70	24.67	102461.81	1836	0	NiktaFakhri 2	
19	0:00:14	1/1/2019 	7422	561.00	9.00	13.53	24.67	102461.81	1835	0	NiktaFakhri 2	
20	0:00:14	1/1/2019 	7913	964.00	181.00	43.46	24.67	102461.65	49876	0	NiktaFakhri 2	
21	0:00:16	1/1/2019 	9008	417.00	9.00	12.32	24.67	102461.91	51873	0	NiktaFakhri 2	
22	0:00:16	1/1/2019 	9438	171.00	8.00	8.59	24.67	102461.73	1836	0	NiktaFakhri 2	
23	0:00:17	1/1/2019 	10265	657.00	10.00	14.85	24.68	102462.03	49877	0	NiktaFakhri 2	
24	0:00:17	1/1/2019 	10617	409.00	8.00	12.19	24.68	102462.03	50639	0	NiktaFakhri 2	
25	0:00:17	1/1/2019 	10656	912.00	113.00	32.54	24.68	102462.03	1835	1	NiktaFakhri 2	
26	0:00:18	1/1/2019 	11158	445.00	9.00	12.52	24.68	102461.70	1835	1	NiktaFakhri 2	
27	0:00:18	1/1/2019 	11414	67.00	8.00	5.94	24.68	102461.72	3974	0	NiktaFakhri 2	
28	0:00:18	1/1/2019 	11657	77.00	8.00	6.08	24.68	102461.72	49877	0	NiktaFakhri 2	
29	0:00:18	1/1/2019 	11766	493.00	8.00	12.78	24.68	102461.62	1835	0	NiktaFakhri 2	
30	0:00:19	1/1/2019 	12596	609.00	9.00	14.14	24.68	102461.66	49878	0	NiktaFakhri 2	
31	0:00:19	1/1/2019 	12622	713.00	13.00	16.01	24.68	102461.66	1835	0	NiktaFakhri 2	
32	0:00:19	1/1/2019 	12661	695.00	12.00	15.65	24.68	102461.66	1834	0	NiktaFakhri 2	
33	0:00:20	1/1/2019 	13754	72.00	8.00	6.00	24.69	102461.38	51872	0	NiktaFakhri 2	
34	0:00:21	1/1/2019 	14110	140.00	8.00	7.73	24.69	102461.44	1836	0	NiktaFakhri 2	
35	0:00:21	1/1/2019 	14468	919.00	123.00	34.50	24.69	102461.47	1835	0	NiktaFakhri 2	
36	0:00:22	1/1/2019 	15284	371.00	9.00	11.92	24.69	102461.14	49877	0	NiktaFakhri 2	
37	0:00:22	1/1/2019 	15776	461.00	9.00	12.64	24.69	102461.17	49880	0	NiktaFakhri 2	
38	0:00:23	1/1/2019 	16098	80.00	8.00	6.14	24.69	102461.01	1835	0	NiktaFakhri 2	
39	0:00:23	1/1/2019 	16272	297.00	8.00	11.02	24.69	102461.01	3830	0	NiktaFakhri 2	
40	0:00:23	1/1/2019 	16911	919.00	121.00	34.11	24.70	102461.42	49878	0	NiktaFakhri 2	
41	0:00:24	1/1/2019 	17236	850.00	72.00	25.13	24.70	102461.42	1835	0	NiktaFakhri 2	
42	0:00:24	1/1/2019 	17476	64.00	9.00	5.92	24.70	102461.48	1835	0	NiktaFakhri 2	
43	0:00:24	1/1/2019 	17852	610.00	9.00	14.15	24.70	102461.48	49877	0	NiktaFakhri 2	
44	0:00:24	1/1/2019 	17912	369.00	8.00	11.85	24.70	102461.16	1835	0	NiktaFakhri 2	
45	0:00:25	1/1/2019 	18131	598.00	9.00	14.00	24.70	102461.16	3829	0	NiktaFakhri 2	
46	0:00:25	1/1/2019 	18867	639.00	9.00	14.45	24.70	102461.22	49880	0	NiktaFakhri 2	
47	0:00:25	1/1/2019 	18974	209.00	9.00	9.51	24.71	102461.25	1835	0	NiktaFakhri 2	
48	0:00:26	1/1/2019 	19307	126.00	8.00	7.32	24.71	102461.25	1833	0	NiktaFakhri 2	
49	0:00:26	1/1/2019 	19629	571.00	9.00	13.65	24.71	102461.08	49879	0	NiktaFakhri 2	
50	0:00:27	1/1/2019 	20644	141.00	8.00	7.76	24.71	102460.65	50641	0	NiktaFakhri 2	
51	0:00:27	1/1/2019 	20765	583.00	9.00	13.81	24.71	102460.65	3974	0	NiktaFakhri 2	
52	0:00:29	1/1/2019 	22077	750.00	20.00	18.15	24.72	102460.80	49879	0	NiktaFakhri 2	
53	0:00:31	1/1/2019 	24965	434.00	9.00	12.45	24.73	102460.81	145966	0	NiktaFakhri 2	
54	0:00:32	1/1/2019 	25686	521.00	9.00	13.11	24.73	102460.34	49880	0	NiktaFakhri 2	
55	0:00:32	1/1/2019 	25837	168.00	8.00	8.51	24.73	102460.34	1835	0	NiktaFakhri 2	
56	0:00:33	1/1/2019 	26221	674.00	10.00	14.93	24.73	102460.41	1834	0	NiktaFakhri 2	
57	0:00:33	1/1/2019 	26303	214.00	9.00	9.62	24.73	102460.41	3829	0	NiktaFakhri 2	
58	0:00:33	1/1/2019 	26495	181.00	8.00	8.85	24.73	102460.41	1834	0	NiktaFakhri 2	
59	0:00:33	1/1/2019 	26563	222.00	2.00	9.66	24.73	102460.41	49879	0	NiktaFakhri 2	
60	0:00:33	1/1/2019 	26644	734.00	15.00	16.69	24.73	102460.60	1833	0	NiktaFakhri 2	
61	0:00:33	1/1/2019 	26895	147.00	8.00	7.93	24.73	102460.60	1834	0	NiktaFakhri 2	
62	0:00:34	1/1/2019 	27267	106.00	8.00	6.75	24.73	102460.27	1834	0	NiktaFakhri 2	
63	0:00:35	1/1/2019 	28039	78.00	7.00	6.10	24.74	102460.33	51873	0	NiktaFakhri 2	
64	0:00:35	1/1/2019 	28282	761.00	22.00	18.65	24.74	102460.39	1835	0	NiktaFakhri 2	
65	0:00:35	1/1/2019 	28904	59.00	8.00	5.89	24.74	102460.42	49877	1	NiktaFakhri 2	
66	0:00:36	1/1/2019 	29893	569.00	9.00	13.63	24.75	102460.34	49880	0	NiktaFakhri 2	
67	0:00:36	1/1/2019 	29967	730.00	15.00	16.69	24.75	102460.34	2597	0	NiktaFakhri 2	
68	0:00:37	1/1/2019 	30622	91.00	8.00	6.37	24.75	102460.58	49879	0	NiktaFakhri 2	
69	0:00:37	1/1/2019 	30641	950.00	149.00	39.13	24.75	102460.58	3975	1	NiktaFakhri 2	
70	0:00:37	1/1/2019 	30801	402.00	9.00	12.20	24.75	102460.80	1835	0	NiktaFakhri 2	
71	0:00:39	1/1/2019 	32252	923.00	130.00	35.82	24.76	102460.89	49879	0	NiktaFakhri 2	
72	0:00:39	1/1/2019 	32387	79.00	8.00	6.12	24.76	102460.40	1836	0	NiktaFakhri 2	
73	0:00:39	1/1/2019 	32460	977.00	555.00	95.42	24.76	102460.40	1835	0	NiktaFakhri 2	
74	0:00:39	1/1/2019 	32934	795.00	34.00	20.78	24.76	102460.30	49878	0	NiktaFakhri 2	
75	0:00:40	1/1/2019 	33077	850.00	70.00	24.86	24.76	102460.30	3829	0	NiktaFakhri 2	
76	0:00:40	1/1/2019 	33305	460.00	9.00	12.63	24.76	102460.32	1835	0	NiktaFakhri 2	
77	0:00:40	1/1/2019 	33950	956.00	154.00	39.91	24.76	102460.35	49878	1	NiktaFakhri 2	
78	0:00:41	1/1/2019 	34407	542.00	9.00	13.32	24.76	102460.02	1836	0	NiktaFakhri 2	
79	0:00:41	1/1/2019 	34454	698.00	11.00	15.30	24.76	102460.02	1835	0	NiktaFakhri 2	
80	0:00:41	1/1/2019 	34670	136.00	8.00	7.62	24.76	102460.02	49879	0	NiktaFakhri 2	
81	0:00:42	1/1/2019 	35311	584.00	9.00	13.82	24.77	102460.08	3883	0	NiktaFakhri 2	
82	0:00:42	1/1/2019 	35653	705.00	12.00	15.66	24.77	102460.11	49876	0	NiktaFakhri 2	
83	0:00:42	1/1/2019 	35879	162.00	8.00	8.35	24.77	102460.34	1835	0	NiktaFakhri 2	
84	0:00:43	1/1/2019 	36187	205.00	8.00	9.41	24.77	102460.34	1835	0	NiktaFakhri 2	
85	0:00:43	1/1/2019 	36320	157.00	9.00	8.22	24.77	102460.34	1835	0	NiktaFakhri 2	
86	0:00:43	1/1/2019 	36409	266.00	8.00	10.56	24.77	102460.20	1835	0	NiktaFakhri 2	
87	0:00:44	1/1/2019 	37199	589.00	9.00	13.88	24.78	102460.43	51871	0	NiktaFakhri 2	
88	0:00:45	1/1/2019 	38050	148.00	8.00	7.96	24.78	102460.33	49879	0	NiktaFakhri 2	
89	0:00:45	1/1/2019 	38133	126.00	8.00	7.32	24.78	102460.33	1835	0	NiktaFakhri 2	
90	0:00:45	1/1/2019 	38135	358.00	9.00	11.79	24.78	102460.33	1835	0	NiktaFakhri 2	
91	0:00:45	1/1/2019 	38470	131.00	8.00	7.47	24.78	102460.35	1835	0	NiktaFakhri 2	
92	0:00:46	1/1/2019 	39179	126.00	8.00	7.32	24.78	102460.41	49879	0	NiktaFakhri 2	
93	0:00:47	1/1/2019 	40046	683.00	11.00	15.28	24.79	102460.31	51873	0	NiktaFakhri 2	
94	0:00:48	1/1/2019 	41232	819.00	60.00	23.57	24.79	102460.56	50642	0	NiktaFakhri 2	
95	0:00:48	1/1/2019 	41567	220.00	8.00	9.73	24.79	102460.23	49878	0	NiktaFakhri 2	
96	0:00:48	1/1/2019 	41722	924.00	124.00	34.69	24.79	102460.23	1834	0	NiktaFakhri 2	
97	0:00:49	1/1/2019 	42458	917.00	127.00	35.25	24.79	102460.27	1835	1	NiktaFakhri 2	
98	0:00:49	1/1/2019 	42714	972.00	327.00	61.71	24.79	102460.30	49879	1	NiktaFakhri 2	
99	0:00:51	1/1/2019 	44367	919.00	125.00	34.88	24.80	102459.72	52019	0	NiktaFakhri 2	
100	0:00:51	1/1/2019 	44482	742.00	17.00	17.32	24.80	102459.72	1836	0	NiktaFakhri 2	
101	0:00:52	1/1/2019 	45104	604.00	9.00	14.07	24.80	102460.17	49878	0	NiktaFakhri 2	
102	0:00:52	1/1/2019 	45169	129.00	9.00	7.41	24.80	102460.17	1835	0	NiktaFakhri 2	
103	0:00:52	1/1/2019 	45320	321.00	8.00	11.33	24.80	102460.17	1835	0	NiktaFakhri 2	
104	0:00:52	1/1/2019 	45458	720.00	15.00	16.67	24.80	102460.17	1834	0	NiktaFakhri 2	
105	0:00:52	1/1/2019 	45709	798.00	45.00	22.00	24.81	102460.20	51872	0	NiktaFakhri 2	
106	0:00:52	1/1/2019 	45991	105.00	8.00	6.73	24.81	102460.20	1835	0	NiktaFakhri 2	
107	0:00:53	1/1/2019 	46357	805.00	42.00	21.71	24.81	102459.88	1837	1	NiktaFakhri 2	
108	0:00:53	1/1/2019 	46673	780.00	27.00	19.70	24.81	102459.94	49887	0	NiktaFakhri 2	
109	0:00:53	1/1/2019 	46762	167.00	8.00	8.48	24.81	102459.94	1835	0	NiktaFakhri 2	
110	0:00:54	1/1/2019 	47342	649.00	9.00	14.52	24.81	102460.00	1834	0	NiktaFakhri 2	
111	0:00:54	1/1/2019 	47711	421.00	9.00	12.35	24.81	102460.03	51874	0	NiktaFakhri 2	
112	0:00:54	1/1/2019 	47875	143.00	8.00	7.82	24.81	102460.03	1835	0	NiktaFakhri 2	
113	0:00:56	1/1/2019 	49018	205.00	8.00	9.41	24.82	102459.92	49879	0	NiktaFakhri 2	
114	0:00:56	1/1/2019 	49761	964.00	194.00	44.84	24.82	102459.68	49880	1	NiktaFakhri 2	
115	0:00:56	1/1/2019 	49914	119.00	8.00	7.12	24.82	102459.68	2598	0	NiktaFakhri 2	
116	0:00:57	1/1/2019 	50186	394.00	8.00	12.07	24.82	102459.68	1835	0	NiktaFakhri 2	
117	0:00:57	1/1/2019 	50257	523.00	9.00	13.13	24.82	102459.34	3975	0	NiktaFakhri 2	
118	0:00:57	1/1/2019 	50630	830.00	65.00	24.18	24.82	102459.34	49884	0	NiktaFakhri 2	
119	0:00:57	1/1/2019 	50940	901.00	107.00	31.34	24.82	102459.25	1835	0	NiktaFakhri 2	
120	0:00:58	1/1/2019 	51923	862.00	77.00	25.89	24.83	102459.30	49883	0	NiktaFakhri 2	
121	0:00:59	1/1/2019 	52303	904.00	109.00	31.74	24.83	102459.37	1836	0	NiktaFakhri 2	
122	0:00:59	1/1/2019 	52733	463.00	9.00	12.65	24.83	102459.37	49883	0	NiktaFakhri 2	
123	0:00:59	1/1/2019 	52774	103.00	8.00	6.67	24.83	102459.37	3829	0	NiktaFakhri 2	
124	0:00:59	1/1/2019 	52879	151.00	8.00	8.05	24.83	102459.23	1834	0	NiktaFakhri 2	
125	0:01:00	1/1/2019 	53005	968.00	329.00	62.07	24.83	102459.23	1834	0	NiktaFakhri 2	
126	0:01:00	1/1/2019 	53468	916.00	116.00	33.13	24.83	102458.90	1837	0	NiktaFakhri 2	
127	0:01:01	1/1/2019 	54568	122.00	8.00	7.21	24.84	102459.19	97931	0	NiktaFakhri 2	
128	0:01:01	1/1/2019 	54883	579.00	9.00	13.75	24.84	102459.22	1836	0	NiktaFakhri 2	
129	0:01:01	1/1/2019 	54984	135.00	8.00	7.59	24.84	102459.22	3829	0	NiktaFakhri 2	
130	0:01:02	1/1/2019 	55717	72.00	8.00	6.00	24.84	102459.28	49882	0	NiktaFakhri 2	
131	0:01:02	1/1/2019 	55853	673.00	11.00	15.25	24.84	102459.28	1835	0	NiktaFakhri 2	
132	0:01:02	1/1/2019 	55961	194.00	8.00	9.16	24.85	102459.17	1836	0	NiktaFakhri 2	
133	0:01:03	1/1/2019 	56657	573.00	9.00	13.68	24.85	102459.20	49882	0	NiktaFakhri 2	
134	0:01:03	1/1/2019 	56715	691.00	11.00	15.30	24.85	102459.20	1836	0	NiktaFakhri 2	
135	0:01:04	1/1/2019 	57592	921.00	128.00	35.45	24.85	102458.93	51877	0	NiktaFakhri 2	
136	0:01:04	1/1/2019 	57855	189.00	8.00	9.04	24.85	102458.93	1837	0	NiktaFakhri 2	
137	0:01:04	1/1/2019 	57901	86.00	8.00	6.26	24.85	102458.93	1835	0	NiktaFakhri 2	
138	0:01:06	1/1/2019 	59393	571.00	9.00	13.65	24.86	102459.22	49880	0	NiktaFakhri 2	
139	0:01:06	1/1/2019 	59483	154.00	8.00	8.13	24.86	102459.41	1836	0	NiktaFakhri 2	
140	0:01:06	1/1/2019 	59571	924.00	133.00	36.38	24.86	102459.41	49885	0	NiktaFakhri 2	
141	0:01:07	1/1/2019 	60153	724.00	16.00	16.99	24.86	102459.25	4785	0	NiktaFakhri 2	
142	0:01:07	1/1/2019 	60257	627.00	9.00	14.34	24.86	102459.25	1836	0	NiktaFakhri 2	
143	0:01:07	1/1/2019 	60643	720.00	15.00	16.67	24.86	102459.31	49882	0	NiktaFakhri 2	
144	0:01:07	1/1/2019 	60703	557.00	9.00	13.48	24.86	102459.31	1835	0	NiktaFakhri 2	
145	0:01:07	1/1/2019 	60727	629.00	9.00	14.36	24.86	102459.31	1835	0	NiktaFakhri 2	
146	0:01:07	1/1/2019 	60764	665.00	11.00	15.20	24.86	102459.31	1835	0	NiktaFakhri 2	
147	0:01:07	1/1/2019 	60771	311.00	9.00	11.24	24.86	102459.31	3829	0	NiktaFakhri 2	
148	0:01:07	1/1/2019 	60779	330.00	8.00	11.44	24.86	102459.31	1835	0	NiktaFakhri 2	
149	0:01:08	1/1/2019 	61768	959.00	180.00	43.35	24.87	102459.23	49881	0	NiktaFakhri 2	
150	0:01:09	1/1/2019 	62269	961.00	253.00	50.58	24.87	102459.12	1840	0	NiktaFakhri 2	
151	0:01:09	1/1/2019 	62548	514.00	9.00	13.04	24.87	102459.35	49890	0	NiktaFakhri 2	
152	0:01:09	1/1/2019 	62960	796.00	34.00	20.78	24.87	102459.35	2073	0	NiktaFakhri 2	
153	0:01:10	1/1/2019 	63023	155.00	8.00	8.16	24.87	102459.35	3884	0	NiktaFakhri 2	
154	0:01:12	1/1/2019 	65334	218.00	8.00	9.69	24.88	102459.38	97934	0	NiktaFakhri 2	
155	0:01:12	1/1/2019 	65889	156.00	8.00	8.19	24.89	102459.59	49887	0	NiktaFakhri 2	
156	0:01:13	1/1/2019 	66241	439.00	8.00	12.41	24.89	102459.62	1837	0	NiktaFakhri 2	
157	0:01:14	1/1/2019 	67227	227.00	8.00	9.87	24.89	102459.55	49887	0	NiktaFakhri 2	
158	0:01:14	1/1/2019 	67266	983.00	685.00	123.60	24.89	102459.55	1836	1	NiktaFakhri 2	
159	0:01:15	1/1/2019 	68152	120.00	8.00	7.15	24.90	102459.41	51872	0	NiktaFakhri 2	
160	0:01:15	1/1/2019 	68332	715.00	13.00	16.01	24.90	102459.31	1836	0	NiktaFakhri 2	
161	0:01:15	1/1/2019 	68884	76.00	8.00	6.07	24.90	102459.53	49880	0	NiktaFakhri 2	
162	0:01:15	1/1/2019 	68889	685.00	11.00	15.29	24.90	102459.53	1835	0	NiktaFakhri 2	
163	0:01:16	1/1/2019 	69166	855.00	79.00	26.17	24.90	102459.53	1835	0	NiktaFakhri 2	
164	0:01:17	1/1/2019 	70275	231.00	8.00	9.95	24.91	102459.36	49882	0	NiktaFakhri 2	
165	0:01:18	1/1/2019 	71087	179.00	8.00	8.80	24.91	102459.55	52830	0	NiktaFakhri 2	
166	0:01:18	1/1/2019 	71596	130.00	8.00	7.44	24.91	102459.78	49879	0	NiktaFakhri 2	
167	0:01:20	1/1/2019 	73172	838.00	69.00	24.70	24.92	102459.93	49879	0	NiktaFakhri 2	
168	0:01:20	1/1/2019 	73484	74.00	8.00	6.03	24.92	102459.95	1836	0	NiktaFakhri 2	
169	0:01:20	1/1/2019 	73695	81.00	8.00	6.15	24.92	102459.95	49879	0	NiktaFakhri 2	
170	0:01:20	1/1/2019 	73770	705.00	12.00	15.66	24.92	102459.95	1834	0	NiktaFakhri 2	
171	0:01:21	1/1/2019 	74097	74.00	8.00	6.03	24.93	102459.98	3829	0	NiktaFakhri 2	
172	0:01:21	1/1/2019 	74231	157.00	8.00	8.21	24.93	102459.98	1835	0	NiktaFakhri 2	
173	0:01:21	1/1/2019 	74311	75.00	8.00	6.05	24.93	102459.98	1833	0	NiktaFakhri 2	
174	0:01:22	1/1/2019 	75391	203.00	6.00	9.34	24.93	102459.97	49876	0	NiktaFakhri 2	
175	0:01:22	1/1/2019 	75610	644.00	9.00	14.48	24.93	102459.97	49881	0	NiktaFakhri 2	
176	0:01:22	1/1/2019 	75701	171.00	8.00	8.59	24.93	102459.97	1835	0	NiktaFakhri 2	
177	0:01:22	1/1/2019 	75933	116.00	8.00	7.03	24.93	102459.64	3828	0	NiktaFakhri 2	
178	0:01:23	1/1/2019 	76064	166.00	8.00	8.46	24.93	102459.64	1835	0	NiktaFakhri 2	
179	0:01:23	1/1/2019 	76200	98.00	8.00	6.54	24.93	102459.64	1836	0	NiktaFakhri 2	
180	0:01:23	1/1/2019 	76371	101.00	8.00	6.62	24.93	102459.64	1834	0	NiktaFakhri 2	
181	0:01:23	1/1/2019 	76568	240.00	9.00	10.13	24.93	102459.70	49879	0	NiktaFakhri 2	
182	0:01:23	1/1/2019 	76648	912.00	114.00	32.74	24.93	102459.70	1835	0	NiktaFakhri 2	
183	0:01:24	1/1/2019 	77818	644.00	9.00	14.48	24.94	102459.30	51873	0	NiktaFakhri 2	
184	0:01:24	1/1/2019 	77933	196.00	8.00	9.21	24.94	102459.33	1837	0	NiktaFakhri 2	
185	0:01:25	1/1/2019 	78962	406.00	8.00	12.17	24.95	102459.28	49878	0	NiktaFakhri 2	
186	0:01:26	1/1/2019 	79335	91.00	8.00	6.37	24.95	102459.28	1835	0	NiktaFakhri 2	
187	0:01:26	1/1/2019 	79862	966.00	207.00	46.09	24.95	102459.31	49880	0	NiktaFakhri 2	
188	0:01:26	1/1/2019 	79890	442.00	8.00	12.43	24.95	102459.31	2597	0	NiktaFakhri 2	
189	0:01:27	1/1/2019 	80462	212.00	8.00	9.56	24.95	102459.38	3977	0	NiktaFakhri 2	
190	0:01:27	1/1/2019 	80552	77.00	8.00	6.08	24.95	102459.44	49885	0	NiktaFakhri 2	
191	0:01:27	1/1/2019 	80916	74.00	8.00	6.03	24.95	102459.44	1833	0	NiktaFakhri 2	
192	0:01:28	1/1/2019 	81135	288.00	9.00	10.92	24.96	102459.46	1834	0	NiktaFakhri 2	
193	0:01:28	1/1/2019 	81561	960.00	170.00	42.15	24.96	102459.50	49879	0	NiktaFakhri 2	
194	0:01:28	1/1/2019 	81845	155.00	8.00	8.16	24.96	102459.50	1835	0	NiktaFakhri 2	
195	0:01:28	1/1/2019 	81904	720.00	14.00	16.35	24.96	102459.50	3828	0	NiktaFakhri 2	
196	0:01:29	1/1/2019 	82110	736.00	16.00	17.01	24.96	102459.39	1835	0	NiktaFakhri 2	
197	0:01:29	1/1/2019 	82283	83.00	8.00	6.19	24.96	102459.39	1836	0	NiktaFakhri 2	
198	0:01:29	1/1/2019 	82422	422.00	8.00	12.29	24.96	102459.39	1834	0	NiktaFakhri 2	
199	0:01:29	1/1/2019 	82584	814.00	53.00	22.82	24.96	102459.58	49880	0	NiktaFakhri 2	
200	0:01:29	1/1/2019 	82968	163.00	8.00	8.38	24.96	102459.58	1835	0	NiktaFakhri 2	
201	0:01:30	1/1/2019 	83452	702.00	13.00	15.99	24.97	102459.48	3828	0	NiktaFakhri 2	
202	0:01:30	1/1/2019 	83479	689.00	11.00	15.30	24.97	102459.48	1836	0	NiktaFakhri 2	
203	0:01:31	1/1/2019 	84766	70.00	8.00	5.98	24.97	102459.46	97923	0	NiktaFakhri 2	
204	0:01:32	1/1/2019 	85119	671.00	10.00	14.92	24.98	102459.50	1835	0	NiktaFakhri 2	
205	0:01:32	1/1/2019 	85956	90.00	8.00	6.35	24.98	102459.55	49880	0	NiktaFakhri 2	
206	0:01:32	1/1/2019 	85965	122.00	8.00	7.21	24.98	102459.55	1834	0	NiktaFakhri 2	
207	0:01:32	1/1/2019 	85985	867.00	81.00	26.52	24.98	102459.55	3829	0	NiktaFakhri 2	
208	0:01:33	1/1/2019 	86243	160.00	8.00	8.30	24.98	102459.61	1834	0	NiktaFakhri 2	
209	0:01:33	1/1/2019 	86744	551.00	9.00	13.41	24.98	102459.81	49878	0	NiktaFakhri 2	
210	0:01:34	1/1/2019 	87247	968.00	278.00	53.73	24.99	102459.88	1837	0	NiktaFakhri 2	
211	0:01:34	1/1/2019 	87296	188.00	8.00	9.02	24.99	102459.88	1844	0	NiktaFakhri 2	
212	0:01:34	1/1/2019 	87880	66.00	8.00	5.93	24.99	102460.06	49885	0	NiktaFakhri 2	
213	0:01:35	1/1/2019 	88263	438.00	9.00	12.47	24.99	102459.77	3828	0	NiktaFakhri 2	
214	0:01:35	1/1/2019 	88605	83.00	8.00	6.19	24.99	102459.77	49880	0	NiktaFakhri 2	
215	0:01:35	1/1/2019 	88967	923.00	123.00	34.50	24.99	102459.83	1835	0	NiktaFakhri 2	
216	0:01:35	1/1/2019 	88973	840.00	66.00	24.32	24.99	102459.83	1836	0	NiktaFakhri 2	
217	0:01:36	1/1/2019 	89417	961.00	192.00	44.64	25.00	102459.72	1835	0	NiktaFakhri 2	
218	0:01:37	1/1/2019 	90330	135.00	8.00	7.59	25.00	102459.64	49883	0	NiktaFakhri 2	
219	0:01:37	1/1/2019 	90944	259.00	8.00	10.44	25.01	102459.91	53021	0	NiktaFakhri 2	
220	0:01:40	1/1/2019 	93296	563.00	8.00	13.41	25.02	102459.45	97923	0	NiktaFakhri 2	
221	0:01:40	1/1/2019 	93378	756.00	22.00	18.64	25.02	102459.31	1835	0	NiktaFakhri 2	
222	0:01:40	1/1/2019 	93397	962.00	179.00	43.24	25.02	102459.31	1835	0	NiktaFakhri 2	
223	0:01:40	1/1/2019 	93856	395.00	8.00	12.08	25.02	102459.38	49884	0	NiktaFakhri 2	
224	0:01:41	1/1/2019 	94029	153.00	8.00	8.10	25.02	102459.38	1842	0	NiktaFakhri 2	
225	0:01:41	1/1/2019 	94368	428.00	8.00	12.33	25.02	102459.24	3889	0	NiktaFakhri 2	
226	0:01:41	1/1/2019 	94889	73.00	8.00	6.02	25.03	102459.66	49880	0	NiktaFakhri 2	
227	0:01:41	1/1/2019 	94968	205.00	8.00	9.41	25.03	102459.66	1835	0	NiktaFakhri 2	
228	0:01:42	1/1/2019 	95571	689.00	11.00	15.30	25.03	102459.53	49877	0	NiktaFakhri 2	
229	0:01:42	1/1/2019 	95808	386.00	9.00	12.06	25.03	102459.53	1836	0	NiktaFakhri 2	
230	0:01:43	1/1/2019 	96099	146.00	8.00	7.90	25.03	102459.42	1835	0	NiktaFakhri 2	
231	0:01:46	1/1/2019 	99367	104.00	7.00	6.70	25.05	102459.22	147961	0	NiktaFakhri 2	
232	0:01:46	1/1/2019 	99618	930.00	140.00	37.63	25.05	102459.45	49879	0	NiktaFakhri 2	
233	0:01:47	1/1/2019 	100880	530.00	9.00	13.19	25.06	102459.02	50882	0	NiktaFakhri 2	
234	0:01:48	1/1/2019 	101041	79.00	8.00	6.12	25.06	102459.05	1836	0	NiktaFakhri 2	
235	0:01:48	1/1/2019 	101106	221.00	8.00	9.75	25.06	102459.05	1836	0	NiktaFakhri 2	
236	0:01:48	1/1/2019 	101949	82.00	8.00	6.17	25.06	102458.94	49878	0	NiktaFakhri 2	
237	0:01:49	1/1/2019 	102014	99.00	8.00	6.57	25.06	102458.94	3973	0	NiktaFakhri 2	
238	0:01:49	1/1/2019 	102711	187.00	8.00	8.99	25.06	102458.37	49879	0	NiktaFakhri 2	
239	0:01:51	1/1/2019 	104050	707.00	13.00	16.00	25.07	102457.99	49878	0	NiktaFakhri 2	
240	0:01:51	1/1/2019 	104078	202.00	8.00	9.34	25.07	102457.69	1837	0	NiktaFakhri 2	
241	0:01:51	1/1/2019 	104736	365.00	8.00	11.81	25.07	102457.42	49878	0	NiktaFakhri 2	
242	0:01:51	1/1/2019 	104932	963.00	173.00	42.52	25.07	102457.42	1836	1	NiktaFakhri 2	
243	0:01:51	1/1/2019 	104950	154.00	8.00	8.13	25.07	102457.42	3830	0	NiktaFakhri 2	
244	0:01:52	1/1/2019 	105110	910.00	116.00	33.12	25.08	102456.98	1835	0	NiktaFakhri 2	
245	0:01:52	1/1/2019 	105115	457.00	9.00	12.61	25.08	102456.98	1837	0	NiktaFakhri 2	
246	0:01:52	1/1/2019 	105273	131.00	8.00	7.47	25.08	102456.98	1834	0	NiktaFakhri 2	
247	0:01:52	1/1/2019 	105913	431.00	8.00	12.35	25.08	102457.23	49880	0	NiktaFakhri 2	
248	0:01:53	1/1/2019 	106220	849.00	69.00	24.73	25.08	102456.97	1835	0	NiktaFakhri 2	
249	0:01:53	1/1/2019 	106256	612.00	9.00	14.17	25.08	102456.97	3830	0	NiktaFakhri 2	
250	0:01:53	1/1/2019 	106577	568.00	8.00	13.47	25.08	102456.97	49879	0	NiktaFakhri 2	
251	0:01:55	1/1/2019 	108471	118.00	8.00	7.09	25.09	102455.95	49879	0	NiktaFakhri 2	
252	0:01:55	1/1/2019 	108821	494.00	8.00	12.78	25.10	102455.69	49880	0	NiktaFakhri 2	
253	0:01:55	1/1/2019 	108947	734.00	17.00	17.31	25.10	102455.69	1835	0	NiktaFakhri 2	
254	0:01:56	1/1/2019 	109498	289.00	8.00	10.91	25.10	102455.55	1836	0	NiktaFakhri 2	
255	0:01:56	1/1/2019 	109833	155.00	8.00	8.16	25.10	102455.84	51875	0	NiktaFakhri 2	
256	0:01:57	1/1/2019 	110612	829.00	75.00	25.50	25.11	102455.70	50882	0	NiktaFakhri 2	
257	0:01:57	1/1/2019 	110909	98.00	8.00	6.54	25.11	102455.59	1836	0	NiktaFakhri 2	
258	0:01:57	1/1/2019 	110991	102.00	7.00	6.64	25.11	102455.59	1834	0	NiktaFakhri 2	
259	0:01:58	1/1/2019 	111186	723.00	15.00	16.68	25.11	102455.59	1835	0	NiktaFakhri 2	
260	0:01:58	1/1/2019 	111355	77.00	8.00	6.08	25.11	102455.48	1836	0	NiktaFakhri 2	
261	0:01:58	1/1/2019 	111399	826.00	51.00	22.65	25.11	102455.48	3973	0	NiktaFakhri 2	
262	0:01:58	1/1/2019 	111947	131.00	8.00	7.47	25.11	102455.19	49878	0	NiktaFakhri 2	
263	0:01:59	1/1/2019 	112802	963.00	201.00	45.52	25.12	102455.25	49881	0	NiktaFakhri 2	
264	0:01:59	1/1/2019 	112898	966.00	208.00	46.18	25.12	102455.25	1837	0	NiktaFakhri 2	
265	0:01:59	1/1/2019 	112980	461.00	8.00	12.56	25.12	102455.25	1836	0	NiktaFakhri 2	
266	0:02:00	1/1/2019 	113443	292.00	8.00	10.95	25.12	102455.14	1835	0	NiktaFakhri 2	
267	0:02:00	1/1/2019 	113448	115.00	8.00	7.01	25.12	102455.14	3830	0	NiktaFakhri 2	
268	0:02:00	1/1/2019 	113469	954.00	151.00	39.45	25.12	102455.14	1835	0	NiktaFakhri 2	
269	0:02:00	1/1/2019 	113717	766.00	25.00	19.30	25.12	102455.14	49881	0	NiktaFakhri 2	
270	0:02:01	1/1/2019 	114011	106.00	8.00	6.75	25.12	102455.03	1835	0	NiktaFakhri 2	
271	0:02:01	1/1/2019 	114016	707.00	13.00	16.00	25.12	102455.03	1836	0	NiktaFakhri 2	
272	0:02:01	1/1/2019 	114366	80.00	8.00	6.14	25.13	102455.12	1838	0	NiktaFakhri 2	
273	0:02:01	1/1/2019 	114429	98.00	8.00	6.54	25.13	102455.12	3835	0	NiktaFakhri 2	
274	0:02:02	1/1/2019 	115183	795.00	38.00	21.26	25.13	102455.19	49884	1	NiktaFakhri 2	
275	0:02:02	1/1/2019 	115280	142.00	8.00	7.79	25.13	102455.19	1837	0	NiktaFakhri 2	
276	0:02:03	1/1/2019 	116058	965.00	304.00	57.72	25.14	102455.28	49879	0	NiktaFakhri 2	
277	0:02:03	1/1/2019 	116380	87.00	8.00	6.28	25.14	102455.01	1837	0	NiktaFakhri 2	
278	0:02:03	1/1/2019 	116992	312.00	8.00	11.22	25.14	102454.88	49881	0	NiktaFakhri 2	
279	0:02:04	1/1/2019 	117645	945.00	150.00	39.29	25.14	102454.60	51879	0	NiktaFakhri 2	
280	0:02:04	1/1/2019 	117909	929.00	141.00	37.80	25.14	102454.60	1838	1	NiktaFakhri 2	
281	0:02:05	1/1/2019 	118021	923.00	131.00	36.01	25.15	102454.69	1835	0	NiktaFakhri 2	
282	0:02:05	1/1/2019 	118230	662.00	9.00	14.57	25.15	102454.69	1836	0	NiktaFakhri 2	
283	0:02:05	1/1/2019 	118873	103.00	8.00	6.67	25.15	102454.22	49881	0	NiktaFakhri 2	
284	0:02:05	1/1/2019 	118997	144.00	8.00	7.85	25.15	102453.75	1835	0	NiktaFakhri 2	
285	0:02:06	1/1/2019 	119273	683.00	12.00	15.61	25.15	102453.75	3830	0	NiktaFakhri 2	
286	0:02:06	1/1/2019 	119313	116.00	8.00	7.03	25.15	102453.75	1836	0	NiktaFakhri 2	
287	0:02:07	1/1/2019 	120258	334.00	8.00	11.48	25.16	102453.38	49884	0	NiktaFakhri 2	
288	0:02:07	1/1/2019 	120932	177.00	8.00	8.75	25.16	102453.08	50890	0	NiktaFakhri 2	
289	0:02:08	1/1/2019 	121758	625.00	9.00	14.32	25.17	102453.23	49881	0	NiktaFakhri 2	
290	0:02:08	1/1/2019 	121760	912.00	115.00	32.93	25.17	102453.23	1836	0	NiktaFakhri 2	
291	0:02:09	1/1/2019 	122411	116.00	8.00	7.03	25.17	102453.12	3977	0	NiktaFakhri 2	
292	0:02:09	1/1/2019 	122823	82.00	8.00	6.17	25.17	102452.82	49884	0	NiktaFakhri 2	
293	0:02:09	1/1/2019 	122830	757.00	23.00	18.87	25.17	102452.82	1835	0	NiktaFakhri 2	
294	0:02:09	1/1/2019 	122948	156.00	8.00	8.19	25.17	102452.82	1835	0	NiktaFakhri 2	
295	0:02:10	1/1/2019 	123140	676.00	10.00	14.93	25.18	102452.72	1835	0	NiktaFakhri 2	
296	0:02:10	1/1/2019 	123278	509.00	8.00	12.90	25.18	102452.72	1837	0	NiktaFakhri 2	
297	0:02:10	1/1/2019 	123322	181.00	8.00	8.85	25.18	102452.72	3883	0	NiktaFakhri 2	
298	0:02:10	1/1/2019 	123736	314.00	8.00	11.24	25.18	102452.61	49881	0	NiktaFakhri 2	
299	0:02:11	1/1/2019 	124001	272.00	8.00	10.65	25.18	102452.61	1835	0	NiktaFakhri 2	
300	0:02:11	1/1/2019 	124270	580.00	9.00	13.77	25.18	102452.28	1835	0	NiktaFakhri 2	
301	0:02:11	1/1/2019 	124735	221.00	8.00	9.75	25.18	102452.34	49880	0	NiktaFakhri 2	
302	0:02:13	1/1/2019 	126342	746.00	21.00	18.38	25.19	102452.16	49880	0	NiktaFakhri 2	
303	0:02:13	1/1/2019 	126384	781.00	32.00	20.48	25.19	102452.16	3831	0	NiktaFakhri 2	
304	0:02:14	1/1/2019 	127056	243.00	8.00	10.17	25.19	102452.05	49878	0	NiktaFakhri 2	
305	0:02:14	1/1/2019 	127960	71.00	8.00	5.99	25.20	102452.37	49880	0	NiktaFakhri 2	
306	0:02:15	1/1/2019 	128345	513.00	8.00	12.93	25.20	102452.39	1834	0	NiktaFakhri 2	
307	0:02:15	1/1/2019 	128401	246.00	9.00	10.24	25.20	102452.39	1836	0	NiktaFakhri 2	
308	0:02:15	1/1/2019 	128616	802.00	40.00	21.50	25.20	102452.39	49881	0	NiktaFakhri 2	
309	0:02:15	1/1/2019 	128783	154.00	8.00	8.13	25.20	102452.29	3829	0	NiktaFakhri 2	
310	0:02:15	1/1/2019 	128892	890.00	95.00	29.02	25.20	102452.29	1834	0	NiktaFakhri 2	
311	0:02:16	1/1/2019 	129065	388.00	8.00	12.02	25.20	102452.29	1836	0	NiktaFakhri 2	
312	0:02:16	1/1/2019 	129243	68.00	8.00	5.95	25.21	102452.33	1835	0	NiktaFakhri 2	
313	0:02:16	1/1/2019 	129754	764.00	24.00	19.09	25.21	102452.61	49882	0	NiktaFakhri 2	
314	0:02:18	1/1/2019 	131042	800.00	57.00	23.20	25.22	102452.50	53020	0	NiktaFakhri 2	
315	0:02:18	1/1/2019 	131352	181.00	8.00	8.85	25.22	102452.92	1836	0	NiktaFakhri 2	
316	0:02:19	1/1/2019 	132388	927.00	143.00	38.14	25.23	102453.04	49878	1	NiktaFakhri 2	
317	0:02:19	1/1/2019 	132711	502.00	9.00	12.94	25.23	102453.04	49883	0	NiktaFakhri 2	
318	0:02:19	1/1/2019 	132896	97.00	8.00	6.52	25.23	102452.91	1834	0	NiktaFakhri 2	
319	0:02:19	1/1/2019 	132910	895.00	99.00	29.79	25.23	102452.91	1835	0	NiktaFakhri 2	
320	0:02:19	1/1/2019 	132921	899.00	103.00	30.56	25.23	102452.91	3830	1	NiktaFakhri 2	
321	0:02:19	1/1/2019 	132971	949.00	152.00	39.60	25.23	102452.91	1836	0	NiktaFakhri 2	
322	0:02:19	1/1/2019 	132976	105.00	8.00	6.73	25.23	102452.91	1836	0	NiktaFakhri 2	
323	0:02:20	1/1/2019 	133205	972.00	349.00	65.70	25.23	102452.91	1834	0	NiktaFakhri 2	
324	0:02:20	1/1/2019 	133455	198.00	8.00	9.25	25.23	102453.33	1837	0	NiktaFakhri 2	
325	0:02:20	1/1/2019 	133754	891.00	93.00	28.66	25.23	102453.33	49879	0	NiktaFakhri 2	
326	0:02:21	1/1/2019 	134555	961.00	205.00	45.90	25.24	102453.28	51876	0	NiktaFakhri 2	
327	0:02:21	1/1/2019 	134830	126.00	8.00	7.32	25.24	102453.28	1837	0	NiktaFakhri 2	
328	0:02:22	1/1/2019 	135022	957.00	165.00	41.49	25.24	102453.14	1835	0	NiktaFakhri 2	
329	0:02:22	1/1/2019 	135115	976.00	329.00	62.07	25.24	102453.14	1837	0	NiktaFakhri 2	
330	0:02:22	1/1/2019 	135136	823.00	60.00	23.58	25.24	102453.14	1836	1	NiktaFakhri 2	
331	0:02:22	1/1/2019 	135448	969.00	275.00	53.32	25.24	102453.20	1835	0	NiktaFakhri 2	
332	0:02:22	1/1/2019 	135691	66.00	8.00	5.93	25.24	102453.20	51875	0	NiktaFakhri 2	
333	0:02:22	1/1/2019 	135731	926.00	132.00	36.19	25.24	102453.20	1835	0	NiktaFakhri 2	
334	0:02:22	1/1/2019 	135979	916.00	120.00	33.91	25.25	102453.59	1836	0	NiktaFakhri 2	
335	0:02:23	1/1/2019 	136203	671.00	10.00	14.92	25.25	102453.59	1837	0	NiktaFakhri 2	
336	0:02:23	1/1/2019 	136914	414.00	8.00	12.23	25.25	102453.55	49881	0	NiktaFakhri 2	
337	0:02:23	1/1/2019 	136982	94.00	8.00	6.44	25.25	102453.55	1836	0	NiktaFakhri 2	
338	0:02:24	1/1/2019 	137172	716.00	14.00	16.35	25.25	102453.55	3882	0	NiktaFakhri 2	
339	0:02:24	1/1/2019 	137642	336.00	8.00	11.51	25.26	102453.58	49880	0	NiktaFakhri 2	
340	0:02:24	1/1/2019 	137719	348.00	8.00	11.64	25.26	102453.58	1835	0	NiktaFakhri 2	
341	0:02:24	1/1/2019 	137947	85.00	8.00	6.24	25.26	102453.84	1835	0	NiktaFakhri 2	
342	0:02:26	1/1/2019 	139372	102.00	8.00	6.65	25.27	102453.30	49880	0	NiktaFakhri 2	
343	0:02:27	1/1/2019 	140467	154.00	8.00	8.13	25.27	102453.22	49882	0	NiktaFakhri 2	
344	0:02:27	1/1/2019 	140953	87.00	8.00	6.28	25.27	102453.11	53021	0	NiktaFakhri 2	
345	0:02:28	1/1/2019 	141152	591.00	8.00	13.73	25.28	102453.50	1835	0	NiktaFakhri 2	
346	0:02:28	1/1/2019 	141903	150.00	8.00	8.02	25.28	102453.56	49879	0	NiktaFakhri 2	
347	0:02:29	1/1/2019 	142108	919.00	131.00	36.00	25.28	102453.59	1834	0	NiktaFakhri 2	
348	0:02:29	1/1/2019 	142175	957.00	158.00	40.51	25.28	102453.59	1837	0	NiktaFakhri 2	
349	0:02:29	1/1/2019 	142650	115.00	8.00	7.01	25.29	102453.66	49882	0	NiktaFakhri 2	
350	0:02:30	1/1/2019 	143708	115.00	8.00	7.01	25.29	102453.97	51876	0	NiktaFakhri 2	
351	0:02:30	1/1/2019 	143870	586.00	9.00	13.84	25.29	102453.97	1835	0	NiktaFakhri 2	
352	0:02:31	1/1/2019 	144789	896.00	105.00	30.94	25.30	102453.89	49880	0	NiktaFakhri 2	
353	0:02:32	1/1/2019 	145228	94.00	8.00	6.44	25.30	102453.78	1837	0	NiktaFakhri 2	
354	0:02:33	1/1/2019 	146883	966.00	338.00	63.70	25.31	102454.13	97929	0	NiktaFakhri 2	
355	0:02:33	1/1/2019 	146888	85.00	8.00	6.24	25.31	102454.13	1838	0	NiktaFakhri 2	
356	0:02:34	1/1/2019 	147337	345.00	8.00	11.61	25.31	102454.16	3828	0	NiktaFakhri 2	
357	0:02:35	1/1/2019 	148402	190.00	8.00	9.07	25.32	102453.92	49883	0	NiktaFakhri 2	
358	0:02:35	1/1/2019 	148824	969.00	275.00	53.32	25.32	102453.98	49883	0	NiktaFakhri 2	
359	0:02:36	1/1/2019 	149110	672.00	11.00	15.24	25.32	102453.98	1836	0	NiktaFakhri 2	
360	0:02:36	1/1/2019 	149375	961.00	163.00	41.22	25.32	102453.84	1836	0	NiktaFakhri 2	
361	0:02:37	1/1/2019 	150258	754.00	24.00	19.06	25.33	102453.83	49883	0	NiktaFakhri 2	
362	0:02:38	1/1/2019 	151400	82.00	8.00	6.17	25.33	102453.62	53023	0	NiktaFakhri 2	
363	0:02:38	1/1/2019 	151487	93.00	8.00	6.42	25.33	102453.62	1835	0	NiktaFakhri 2	
364	0:02:38	1/1/2019 	151646	920.00	122.00	34.30	25.33	102453.62	49879	1	NiktaFakhri 2	
365	0:02:39	1/1/2019 	152106	963.00	234.00	48.60	25.34	102453.31	1836	0	NiktaFakhri 2	
366	0:02:39	1/1/2019 	152313	467.00	8.00	12.60	25.34	102453.41	1837	0	NiktaFakhri 2	
367	0:02:39	1/1/2019 	152789	161.00	8.00	8.32	25.34	102453.11	49882	0	NiktaFakhri 2	
368	0:02:39	1/1/2019 	152956	799.00	43.00	21.80	25.34	102453.11	3883	1	NiktaFakhri 2	
369	0:02:40	1/1/2019 	153308	820.00	65.00	24.15	25.35	102452.83	1837	0	NiktaFakhri 2	
370	0:02:40	1/1/2019 	153556	71.00	7.00	5.99	25.35	102452.83	49883	0	NiktaFakhri 2	
371	0:02:40	1/1/2019 	153570	426.00	8.00	12.32	25.35	102452.83	1835	0	NiktaFakhri 2	
372	0:02:40	1/1/2019 	153644	132.00	8.00	7.50	25.35	102452.83	1835	0	NiktaFakhri 2	
373	0:02:40	1/1/2019 	153866	722.00	16.00	16.98	25.35	102452.53	1835	0	NiktaFakhri 2	
374	0:02:42	1/1/2019 	155016	508.00	8.00	12.89	25.35	102452.32	51876	0	NiktaFakhri 2	
375	0:02:43	1/1/2019 	156090	424.00	8.00	12.30	25.36	102452.63	49882	0	NiktaFakhri 2	
376	0:02:43	1/1/2019 	156789	957.00	159.00	40.65	25.36	102452.50	49883	0	NiktaFakhri 2	
377	0:02:43	1/1/2019 	156929	107.00	8.00	6.78	25.37	102453.12	1836	0	NiktaFakhri 2	
378	0:02:44	1/1/2019 	157078	303.00	8.00	11.10	25.37	102453.12	1836	0	NiktaFakhri 2	
379	0:02:45	1/1/2019 	158131	918.00	127.00	35.25	25.38	102453.38	51822	0	NiktaFakhri 2	
380	0:02:45	1/1/2019 	158644	770.00	28.00	19.85	25.38	102453.59	49890	0	NiktaFakhri 2	
381	0:02:46	1/1/2019 	159818	86.00	8.00	6.26	25.38	102453.85	49883	0	NiktaFakhri 2	
382	0:02:46	1/1/2019 	159840	418.00	8.00	12.26	25.38	102453.85	2596	0	NiktaFakhri 2	
383	0:02:47	1/1/2019 	160160	558.00	8.00	13.36	25.39	102454.47	1834	0	NiktaFakhri 2	
384	0:02:47	1/1/2019 	160162	102.00	8.00	6.65	25.39	102454.47	1835	0	NiktaFakhri 2	
385	0:02:47	1/1/2019 	160650	929.00	142.00	37.97	25.39	102454.50	53225	0	NiktaFakhri 2	
386	0:02:47	1/1/2019 	160945	798.00	41.00	21.59	25.39	102454.50	1836	0	NiktaFakhri 2	
387	0:02:49	1/1/2019 	162157	806.00	51.00	22.60	25.40	102454.71	49882	0	NiktaFakhri 2	
388	0:02:49	1/1/2019 	162159	414.00	8.00	12.23	25.40	102454.71	1837	0	NiktaFakhri 2	
389	0:02:49	1/1/2019 	162271	367.00	8.00	11.83	25.40	102454.71	1835	0	NiktaFakhri 2	
390	0:02:50	1/1/2019 	163000	184.00	8.00	8.92	25.40	102454.57	49882	0	NiktaFakhri 2	
391	0:02:50	1/1/2019 	163326	544.00	9.00	13.34	25.41	102454.27	3830	0	NiktaFakhri 2	
392	0:02:50	1/1/2019 	163418	137.00	8.00	7.64	25.41	102454.27	1835	0	NiktaFakhri 2	
393	0:02:51	1/1/2019 	164200	144.00	8.00	7.85	25.41	102454.42	49881	0	NiktaFakhri 2	
394	0:02:51	1/1/2019 	164253	907.00	109.00	31.75	25.41	102454.42	1835	1	NiktaFakhri 2	
395	0:02:51	1/1/2019 	164316	447.00	8.00	12.46	25.41	102454.42	1836	0	NiktaFakhri 2	
396	0:02:51	1/1/2019 	164932	616.00	9.00	14.22	25.42	102454.48	49882	0	NiktaFakhri 2	
397	0:02:52	1/1/2019 	165560	97.00	6.00	6.51	25.42	102454.17	51932	0	NiktaFakhri 2	
398	0:02:52	1/1/2019 	165690	977.00	439.00	79.63	25.42	102454.08	1836	1	NiktaFakhri 2	
399	0:02:53	1/1/2019 	166866	659.00	9.00	14.56	25.43	102454.22	49882	0	NiktaFakhri 2	
400	0:02:53	1/1/2019 	166994	304.00	8.00	11.11	25.43	102454.22	1836	0	NiktaFakhri 2	
401	0:02:54	1/1/2019 	167013	687.00	11.00	15.29	25.43	102454.22	1836	0	NiktaFakhri 2	
402	0:02:54	1/1/2019 	167642	113.00	8.00	6.95	25.43	102454.25	49882	0	NiktaFakhri 2	
403	0:02:54	1/1/2019 	167702	916.00	123.00	34.49	25.43	102454.14	3829	0	NiktaFakhri 2	
404	0:02:54	1/1/2019 	167953	77.00	8.00	6.08	25.43	102454.14	1835	0	NiktaFakhri 2	
405	0:02:55	1/1/2019 	168138	84.00	7.00	6.21	25.43	102454.14	1834	0	NiktaFakhri 2	
406	0:02:56	1/1/2019 	169328	258.00	8.00	10.43	25.44	102454.16	49883	0	NiktaFakhri 2	
407	0:02:56	1/1/2019 	169891	82.00	8.00	6.17	25.45	102454.02	49883	0	NiktaFakhri 2	
408	0:02:57	1/1/2019 	170128	97.00	8.00	6.52	25.45	102454.02	2596	0	NiktaFakhri 2	
409	0:02:57	1/1/2019 	170182	150.00	8.00	8.02	25.45	102454.02	3974	0	NiktaFakhri 2	
410	0:02:58	1/1/2019 	171605	889.00	99.00	29.76	25.46	102454.23	97930	0	NiktaFakhri 2	
411	0:02:59	1/1/2019 	172368	960.00	174.00	42.64	25.46	102454.16	1837	0	NiktaFakhri 2	
412	0:02:59	1/1/2019 	172972	780.00	31.00	20.34	25.46	102454.05	49884	0	NiktaFakhri 2	
413	0:03:00	1/1/2019 	173001	548.00	8.00	13.25	25.46	102454.05	1836	0	NiktaFakhri 2	
414	0:03:00	1/1/2019 	173219	64.00	7.00	5.91	25.46	102454.05	1836	0	NiktaFakhri 2	
415	0:03:00	1/1/2019 	173755	812.00	52.00	22.72	25.47	102454.30	51876	0	NiktaFakhri 2	
416	0:03:01	1/1/2019 	174263	826.00	67.00	24.41	25.47	102454.17	1837	0	NiktaFakhri 2	
417	0:03:01	1/1/2019 	174575	594.00	9.00	13.95	25.47	102454.03	49882	0	NiktaFakhri 2	
418	0:03:01	1/1/2019 	174859	971.00	373.00	69.96	25.47	102453.92	1837	0	NiktaFakhri 2	
419	0:03:01	1/1/2019 	174863	203.00	8.00	9.37	25.47	102453.92	1835	0	NiktaFakhri 2	
420	0:03:01	1/1/2019 	174944	752.00	21.00	18.40	25.47	102453.92	1836	0	NiktaFakhri 2	
421	0:03:02	1/1/2019 	175174	92.00	7.00	6.39	25.47	102453.92	3829	0	NiktaFakhri 2	
422	0:03:02	1/1/2019 	175274	394.00	9.00	12.13	25.47	102453.92	1836	0	NiktaFakhri 2	
423	0:03:02	1/1/2019 	175669	588.00	9.00	13.87	25.48	102453.98	49882	0	NiktaFakhri 2	
424	0:03:03	1/1/2019 	176113	83.00	8.00	6.19	25.48	102454.41	1835	0	NiktaFakhri 2	
425	0:03:03	1/1/2019 	176135	104.00	7.00	6.70	25.48	102454.41	1836	0	NiktaFakhri 2	
426	0:03:03	1/1/2019 	176431	762.00	25.00	19.29	25.48	102454.47	1835	1	NiktaFakhri 2	
427	0:03:03	1/1/2019 	176492	82.00	8.00	6.17	25.48	102454.47	3830	0	NiktaFakhri 2	
428	0:03:03	1/1/2019 	176837	965.00	208.00	46.18	25.48	102454.47	49883	0	NiktaFakhri 2	
429	0:03:04	1/1/2019 	177897	339.00	8.00	11.54	25.49	102454.55	49882	0	NiktaFakhri 2	
430	0:03:05	1/1/2019 	178274	149.00	8.00	7.99	25.49	102454.59	1836	0	NiktaFakhri 2	
431	0:03:05	1/1/2019 	178282	884.00	87.00	27.57	25.49	102454.59	1836	1	NiktaFakhri 2	
432	0:03:05	1/1/2019 	178784	145.00	8.00	7.87	25.49	102454.64	49883	0	NiktaFakhri 2	
433	0:03:06	1/1/2019 	179173	95.00	8.00	6.47	25.50	102454.54	3829	0	NiktaFakhri 2	
434	0:03:06	1/1/2019 	179608	559.00	8.00	13.37	25.50	102454.96	49884	0	NiktaFakhri 2	
435	0:03:07	1/1/2019 	180101	118.00	8.00	7.09	25.50	102454.66	2597	0	NiktaFakhri 2	
436	0:03:08	1/1/2019 	181585	159.00	8.00	8.27	25.51	102454.84	97929	0	NiktaFakhri 2	
437	0:03:08	1/1/2019 	181867	291.00	8.00	10.93	25.51	102454.84	1836	0	NiktaFakhri 2	
438	0:03:09	1/1/2019 	182017	481.00	9.00	12.78	25.52	102454.73	1835	0	NiktaFakhri 2	
439	0:03:09	1/1/2019 	182308	794.00	41.00	21.58	25.52	102454.73	3976	0	NiktaFakhri 2	
440	0:03:09	1/1/2019 	182599	116.00	8.00	7.03	25.52	102454.77	49882	0	NiktaFakhri 2	
441	0:03:09	1/1/2019 	182608	524.00	8.00	13.03	25.52	102454.77	1835	0	NiktaFakhri 2	
442	0:03:10	1/1/2019 	183041	67.00	8.00	5.94	25.52	102455.22	1835	0	NiktaFakhri 2	
443	0:03:10	1/1/2019 	183721	594.00	8.00	13.77	25.53	102454.91	49882	0	NiktaFakhri 2	
444	0:03:11	1/1/2019 	184253	973.00	517.00	89.16	25.53	102454.80	1835	1	NiktaFakhri 2	
445	0:03:11	1/1/2019 	184834	595.00	9.00	13.96	25.53	102455.03	51877	0	NiktaFakhri 2	
446	0:03:12	1/1/2019 	185009	889.00	97.00	29.39	25.53	102455.03	1835	1	NiktaFakhri 2	
447	0:03:12	1/1/2019 	185407	601.00	9.00	14.04	25.54	102454.92	1837	0	NiktaFakhri 2	
448	0:03:12	1/1/2019 	185670	777.00	28.00	19.86	25.54	102454.98	49884	0	NiktaFakhri 2	
449	0:03:13	1/1/2019 	186046	76.00	8.00	6.07	25.54	102454.98	1836	0	NiktaFakhri 2	
450	0:03:13	1/1/2019 	186135	119.00	8.00	7.12	25.54	102455.02	1835	0	NiktaFakhri 2	
451	0:03:13	1/1/2019 	186263	610.00	9.00	14.15	25.54	102455.02	3828	0	NiktaFakhri 2	
452	0:03:13	1/1/2019 	186317	432.00	8.00	12.36	25.54	102455.02	1835	0	NiktaFakhri 2	
453	0:03:14	1/1/2019 	187159	318.00	8.00	11.29	25.55	102455.33	49883	0	NiktaFakhri 2	
454	0:03:14	1/1/2019 	187284	728.00	16.00	17.00	25.55	102455.33	1836	0	NiktaFakhri 2	
455	0:03:14	1/1/2019 	187313	969.00	298.00	56.74	25.55	102455.33	1836	1	NiktaFakhri 2	
456	0:03:15	1/1/2019 	188136	313.00	8.00	11.23	25.55	102455.55	49883	0	NiktaFakhri 2	
457	0:03:15	1/1/2019 	188692	734.00	18.00	17.59	25.56	102455.64	51879	0	NiktaFakhri 2	
458	0:03:15	1/1/2019 	188933	96.00	8.00	6.49	25.56	102455.64	1836	0	NiktaFakhri 2	
459	0:03:16	1/1/2019 	189167	269.00	8.00	10.61	25.56	102455.64	1834	0	NiktaFakhri 2	
460	0:03:16	1/1/2019 	189472	151.00	8.00	8.05	25.56	102455.90	1835	0	NiktaFakhri 2	
461	0:03:18	1/1/2019 	191454	464.00	8.00	12.58	25.57	102455.97	97931	0	NiktaFakhri 2	
462	0:03:19	1/1/2019 	192214	141.00	8.00	7.76	25.58	102455.83	50643	0	NiktaFakhri 2	
463	0:03:19	1/1/2019 	192351	177.00	8.00	8.75	25.58	102455.89	3973	0	NiktaFakhri 2	
464	0:03:20	1/1/2019 	193104	86.00	8.00	6.26	25.58	102455.59	49880	0	NiktaFakhri 2	
465	0:03:20	1/1/2019 	193747	714.00	14.00	16.34	25.59	102456.04	49881	0	NiktaFakhri 2	
466	0:03:20	1/1/2019 	193915	621.00	8.00	14.04	25.59	102456.07	1836	0	NiktaFakhri 2	
467	0:03:21	1/1/2019 	194695	142.00	8.00	7.79	25.59	102455.97	49879	0	NiktaFakhri 2	
468	0:03:21	1/1/2019 	194789	903.00	101.00	30.19	25.59	102455.97	1835	0	NiktaFakhri 2	
469	0:03:22	1/1/2019 	195088	231.00	8.00	9.95	25.59	102455.86	3884	0	NiktaFakhri 2	
470	0:03:23	1/1/2019 	196099	210.00	8.00	9.52	25.60	102456.14	49881	0	NiktaFakhri 2	
471	0:03:23	1/1/2019 	196488	722.00	15.00	16.68	25.60	102456.17	1836	0	NiktaFakhri 2	
472	0:03:23	1/1/2019 	196557	777.00	30.00	20.18	25.60	102456.17	49882	0	NiktaFakhri 2	
473	0:03:23	1/1/2019 	196593	278.00	8.00	10.75	25.60	102456.17	1836	0	NiktaFakhri 2	
474	0:03:23	1/1/2019 	196652	735.00	17.00	17.31	25.60	102456.17	3829	0	NiktaFakhri 2	
475	0:03:24	1/1/2019 	197161	759.00	26.00	19.46	25.60	102456.23	1835	0	NiktaFakhri 2	
476	0:03:24	1/1/2019 	197358	576.00	8.00	13.56	25.60	102456.23	1837	0	NiktaFakhri 2	
477	0:03:24	1/1/2019 	197375	948.00	151.00	39.45	25.60	102456.23	1835	0	NiktaFakhri 2	
478	0:03:24	1/1/2019 	197928	964.00	212.00	46.55	25.61	102456.32	49881	0	NiktaFakhri 2	
479	0:03:25	1/1/2019 	198478	64.00	8.00	5.92	25.61	102456.58	1836	0	NiktaFakhri 2	
480	0:03:26	1/1/2019 	199134	202.00	7.00	9.33	25.62	102456.30	51873	0	NiktaFakhri 2	
481	0:03:26	1/1/2019 	199350	794.00	38.00	21.26	25.62	102456.30	1836	1	NiktaFakhri 2	
482	0:03:26	1/1/2019 	199559	70.00	8.00	5.98	25.62	102456.37	49881	0	NiktaFakhri 2	
483	0:03:26	1/1/2019 	199964	102.00	7.00	6.64	25.62	102456.39	2596	0	NiktaFakhri 2	
484	0:03:27	1/1/2019 	200131	115.00	8.00	7.01	25.62	102456.39	1835	0	NiktaFakhri 2	
485	0:03:27	1/1/2019 	200282	93.00	8.00	6.42	25.62	102456.39	1834	0	NiktaFakhri 2	
486	0:03:27	1/1/2019 	200349	542.00	9.00	13.32	25.62	102456.39	3974	0	NiktaFakhri 2	
487	0:03:27	1/1/2019 	200997	792.00	38.00	21.25	25.63	102456.18	49881	0	NiktaFakhri 2	
488	0:03:29	1/1/2019 	202588	420.00	8.00	12.27	25.64	102456.50	97927	0	NiktaFakhri 2	
489	0:03:29	1/1/2019 	202666	906.00	114.00	32.72	25.64	102456.50	1837	0	NiktaFakhri 2	
490	0:03:29	1/1/2019 	202696	74.00	8.00	6.03	25.64	102456.50	1835	0	NiktaFakhri 2	
491	0:03:30	1/1/2019 	203306	801.00	50.00	22.49	25.64	102456.55	1834	1	NiktaFakhri 2	
492	0:03:30	1/1/2019 	203931	546.00	8.00	13.23	25.64	102456.98	51876	0	NiktaFakhri 2	
493	0:03:31	1/1/2019 	204088	80.00	8.00	6.14	25.65	102456.88	1838	0	NiktaFakhri 2	
494	0:03:31	1/1/2019 	204136	969.00	244.00	49.61	25.65	102456.88	1842	0	NiktaFakhri 2	
495	0:03:32	1/1/2019 	205461	699.00	13.00	15.98	25.65	102456.80	49888	0	NiktaFakhri 2	
496	0:03:32	1/1/2019 	205660	144.00	7.00	7.84	25.65	102456.69	49883	0	NiktaFakhri 2	
497	0:03:33	1/1/2019 	206663	966.00	260.00	51.40	25.66	102456.28	49881	1	NiktaFakhri 2	
498	0:03:34	1/1/2019 	207830	385.00	8.00	12.00	25.67	102456.56	51878	0	NiktaFakhri 2	
499	0:03:35	1/1/2019 	208478	184.00	8.00	8.92	25.67	102456.27	1836	0	NiktaFakhri 2	
500	0:03:36	1/1/2019 	209731	340.00	8.00	11.55	25.68	102456.64	97928	0	NiktaFakhri 2	
501	0:03:37	1/1/2019 	210199	232.00	8.00	9.97	25.68	102456.53	2598	0	NiktaFakhri 2	
502	0:03:37	1/1/2019 	210601	668.00	10.00	14.91	25.68	102456.53	49881	0	NiktaFakhri 2	
503	0:03:37	1/1/2019 	210819	69.00	8.00	5.97	25.68	102456.56	1835	0	NiktaFakhri 2	
504	0:03:38	1/1/2019 	211185	738.00	18.00	17.60	25.68	102456.56	3973	0	NiktaFakhri 2	
505	0:03:38	1/1/2019 	211869	402.00	8.00	12.14	25.69	102456.84	49880	0	NiktaFakhri 2	
506	0:03:38	1/1/2019 	211983	618.00	9.00	14.24	25.69	102456.84	1836	0	NiktaFakhri 2	
507	0:03:39	1/1/2019 	212144	551.00	9.00	13.41	25.69	102456.84	1835	0	NiktaFakhri 2	
508	0:03:39	1/1/2019 	212376	168.00	8.00	8.51	25.69	102456.73	1835	0	NiktaFakhri 2	
509	0:03:39	1/1/2019 	212618	455.00	8.00	12.52	25.69	102456.73	49881	0	NiktaFakhri 2	
510	0:03:39	1/1/2019 	212734	271.00	8.00	10.64	25.69	102456.73	3829	0	NiktaFakhri 2	
511	0:03:39	1/1/2019 	212738	117.00	8.00	7.06	25.69	102456.73	1835	0	NiktaFakhri 2	
512	0:03:40	1/1/2019 	213947	174.00	8.00	8.67	25.70	102456.89	49880	0	NiktaFakhri 2	
513	0:03:41	1/1/2019 	214294	756.00	24.00	19.07	25.70	102456.89	1836	0	NiktaFakhri 2	
514	0:03:42	1/1/2019 	215285	781.00	34.00	20.75	25.71	102456.64	49881	0	NiktaFakhri 2	
515	0:03:43	1/1/2019 	216193	208.00	10.00	9.50	25.71	102456.95	49883	0	NiktaFakhri 2	
516	0:03:43	1/1/2019 	216719	656.00	10.00	14.85	25.72	102456.69	51876	0	NiktaFakhri 2	
517	0:03:44	1/1/2019 	217868	177.00	8.00	8.75	25.72	102456.28	49881	0	NiktaFakhri 2	
518	0:03:45	1/1/2019 	218392	770.00	26.00	19.50	25.72	102455.98	1836	0	NiktaFakhri 2	
519	0:03:45	1/1/2019 	218980	359.00	8.00	11.75	25.73	102456.09	49885	0	NiktaFakhri 2	
520	0:03:46	1/1/2019 	219139	292.00	7.00	10.92	25.73	102456.09	1836	0	NiktaFakhri 2	
521	0:03:46	1/1/2019 	219213	179.00	10.00	8.81	25.73	102456.09	1835	0	NiktaFakhri 2	
522	0:03:47	1/1/2019 	220311	829.00	58.00	23.37	25.73	102455.88	51877	0	NiktaFakhri 2	
523	0:03:47	1/1/2019 	220933	972.00	293.00	55.95	25.74	102455.58	50647	0	NiktaFakhri 2	
524	0:03:48	1/1/2019 	221742	133.00	8.00	7.53	25.74	102455.20	49883	0	NiktaFakhri 2	
525	0:03:48	1/1/2019 	221837	578.00	9.00	13.74	25.74	102455.20	1836	0	NiktaFakhri 2	
526	0:03:49	1/1/2019 	222621	167.00	7.00	8.48	25.75	102455.31	49883	0	NiktaFakhri 2	
527	0:03:49	1/1/2019 	222850	88.00	7.00	6.30	25.75	102455.31	1836	0	NiktaFakhri 2	
528	0:03:50	1/1/2019 	223076	78.00	7.00	6.10	25.75	102455.38	3976	0	NiktaFakhri 2	
529	0:03:50	1/1/2019 	223305	636.00	9.00	14.42	25.75	102455.38	1843	0	NiktaFakhri 2	
530	0:03:50	1/1/2019 	223699	924.00	133.00	36.38	25.75	102455.57	49889	0	NiktaFakhri 2	
531	0:03:50	1/1/2019 	223718	107.00	7.00	6.78	25.75	102455.57	1836	0	NiktaFakhri 2	
532	0:03:51	1/1/2019 	224730	169.00	8.00	8.54	25.76	102455.16	49883	0	NiktaFakhri 2	
533	0:03:51	1/1/2019 	224749	166.00	8.00	8.46	25.76	102455.16	1836	0	NiktaFakhri 2	
534	0:03:51	1/1/2019 	224990	325.00	8.00	11.38	25.76	102455.16	3828	0	NiktaFakhri 2	
535	0:03:52	1/1/2019 	225888	148.00	7.00	7.96	25.77	102455.15	49883	0	NiktaFakhri 2	
536	0:03:53	1/1/2019 	226266	608.00	9.00	14.12	25.77	102454.88	1838	0	NiktaFakhri 2	
537	0:03:53	1/1/2019 	226869	919.00	129.00	35.63	25.77	102454.57	49890	1	NiktaFakhri 2	
538	0:03:54	1/1/2019 	227485	952.00	156.00	40.21	25.77	102454.30	1836	0	NiktaFakhri 2	
539	0:03:54	1/1/2019 	227783	157.00	7.00	8.21	25.78	102454.33	49885	0	NiktaFakhri 2	
540	0:03:54	1/1/2019 	227787	916.00	120.00	33.91	25.78	102454.33	3884	0	NiktaFakhri 2	
541	0:03:55	1/1/2019 	228560	767.00	27.00	19.67	25.78	102454.23	49883	0	NiktaFakhri 2	
542	0:03:55	1/1/2019 	228562	266.00	8.00	10.56	25.78	102454.23	1837	0	NiktaFakhri 2	
