$SPEC_ID:
Recoil
$SPEC_REM:
DET# 3
DETDESC# JLAB-11 MCB 134
AP# Maestro Version 7.01
$DATE_MEA:
02/27/2025 16:11:37
$MEAS_TIM:
239 306
$DATA:
0 2047
       0
       0
       0
       0
       2
      11
      52
     409
  701197
   99287
  119044
   79300
   60092
   46731
   35470
   26672
   19814
   14899
   11055
    8076
    6288
    4565
    3523
    2728
    2290
    1792
    1658
    1370
    1341
    1214
    1144
    1136
    1148
    1168
    1123
    1079
    1139
    1110
    1106
    1089
    1101
    1084
    1054
    1102
    1058
    1058
    1022
    1082
    1111
    1074
    1174
    1110
    1137
    1173
    1121
    1043
    1085
    1098
    1088
    1118
    1114
    1106
    1129
    1095
    1110
    1112
    1157
    1138
    1098
    1162
    1111
    1169
    1159
    1195
    1144
    1181
    1144
    1163
    1146
    1140
    1121
    1180
    1114
    1215
    1155
    1222
    1144
    1228
    1185
    1134
    1172
    1152
    1170
    1233
    1202
    1301
    1226
    1202
    1235
    1138
    1232
    1207
    1181
    1161
    1205
    1251
    1256
    1133
    1186
    1218
    1169
    1211
    1214
    1145
    1132
    1216
    1212
    1161
    1235
    1195
    1183
    1206
    1200
    1171
    1133
    1194
    1153
    1155
    1226
    1195
    1194
    1209
    1093
    1129
    1194
    1187
    1227
    1225
    1220
    1211
    1190
    1193
    1195
    1176
    1253
    1250
    1245
    1195
    1205
    1182
    1157
    1176
    1176
    1172
    1184
    1203
    1252
    1258
    1243
    1212
    1195
    1210
    1160
    1206
    1224
    1252
    1169
    1175
    1253
    1269
    1238
    1239
    1216
    1239
    1225
    1249
    1204
    1233
    1297
    1243
    1206
    1245
    1257
    1236
    1259
    1272
    1259
    1216
    1242
    1306
    1251
    1298
    1269
    1201
    1245
    1265
    1271
    1240
    1204
    1246
    1206
    1278
    1325
    1276
    1313
    1257
    1335
    1286
    1305
    1279
    1285
    1296
    1272
    1335
    1284
    1331
    1318
    1304
    1318
    1320
    1301
    1400
    1322
    1360
    1337
    1341
    1326
    1355
    1254
    1394
    1390
    1289
    1372
    1423
    1378
    1366
    1350
    1389
    1365
    1355
    1387
    1364
    1400
    1341
    1368
    1380
    1396
    1392
    1376
    1377
    1439
    1423
    1415
    1377
    1427
    1361
    1384
    1375
    1392
    1435
    1385
    1384
    1397
    1369
    1375
    1405
    1399
    1422
    1465
    1435
    1481
    1452
    1455
    1422
    1422
    1498
    1417
    1432
    1329
    1463
    1388
    1423
    1465
    1458
    1455
    1409
    1392
    1450
    1407
    1381
    1395
    1403
    1442
    1425
    1382
    1453
    1392
    1469
    1471
    1475
    1444
    1437
    1436
    1483
    1481
    1500
    1445
    1516
    1430
    1486
    1487
    1583
    1518
    1488
    1412
    1559
    1470
    1492
    1470
    1502
    1497
    1514
    1559
    1486
    1504
    1587
    1556
    1557
    1557
    1565
    1483
    1558
    1579
    1593
    1601
    1588
    1574
    1579
    1616
    1585
    1590
    1589
    1546
    1597
    1567
    1668
    1611
    1559
    1554
    1623
    1655
    1635
    1601
    1658
    1669
    1674
    1633
    1622
    1656
    1686
    1601
    1637
    1665
    1729
    1643
    1650
    1572
    1618
    1686
    1658
    1661
    1664
    1668
    1612
    1649
    1715
    1701
    1720
    1612
    1653
    1704
    1721
    1751
    1623
    1634
    1734
    1643
    1695
    1791
    1730
    1630
    1741
    1632
    1691
    1713
    1711
    1766
    1738
    1687
    1744
    1763
    1769
    1684
    1741
    1723
    1690
    1745
    1737
    1653
    1681
    1745
    1724
    1721
    1706
    1729
    1667
    1725
    1683
    1679
    1754
    1666
    1706
    1719
    1843
    1691
    1765
    1708
    1703
    1709
    1719
    1698
    1780
    1681
    1702
    1759
    1753
    1726
    1704
    1667
    1680
    1746
    1775
    1693
    1788
    1696
    1714
    1709
    1795
    1690
    1723
    1711
    1736
    1765
    1840
    1760
    1810
    1785
    1735
    1793
    1716
    1718
    1785
    1795
    1777
    1824
    1804
    1815
    1771
    1803
    1774
    1752
    1699
    1846
    1803
    1833
    1867
    1719
    1773
    1863
    1950
    1973
    1874
    1816
    1820
    1944
    1833
    1921
    1968
    1894
    1926
    1936
    1946
    2012
    1927
    2130
    1999
    1975
    1918
    1928
    2025
    1965
    2099
    2032
    2049
    2178
    2108
    2100
    2114
    2174
    2129
    2072
    2145
    2184
    2152
    2208
    2120
    2069
    2140
    2167
    2291
    2220
    2155
    2286
    2117
    2172
    2224
    2228
    2275
    2322
    2174
    2322
    2198
    2281
    2282
    2255
    2185
    2285
    2236
    2256
    2225
    2269
    2268
    2361
    2223
    2284
    2196
    2263
    2201
    2273
    2268
    2200
    2255
    2176
    2213
    2180
    2252
    2278
    2208
    2231
    2290
    2207
    2291
    2230
    2232
    2262
    2207
    2213
    2257
    2292
    2209
    2200
    2225
    2196
    2124
    2184
    2142
    2158
    2130
    2145
    2187
    2142
    2140
    2150
    2169
    2138
    2171
    2162
    2104
    2193
    2107
    2146
    2147
    2191
    2088
    2101
    2108
    2057
    2101
    2096
    2089
    2123
    2104
    2106
    2102
    2063
    2110
    2027
    2083
    1981
    2082
    2002
    2095
    2017
    2032
    2094
    2018
    2057
    2050
    2086
    2041
    1992
    1964
    2090
    2029
    2009
    2040
    2078
    2000
    1962
    2099
    1943
    2063
    2029
    2036
    1974
    1961
    1955
    1937
    2023
    2005
    2036
    1874
    1960
    2009
    1973
    1919
    1992
    1960
    1974
    1866
    1921
    2050
    1854
    1944
    1955
    1888
    1916
    1920
    1922
    1970
    2007
    1961
    1984
    1965
    1878
    1929
    1948
    1945
    1943
    1968
    1865
    1902
    1956
    1848
    1950
    1886
    1819
    1867
    1868
    1865
    1888
    1819
    1892
    1871
    1836
    1849
    1821
    1849
    1862
    1858
    1841
    1831
    1820
    1782
    1799
    1859
    1872
    1841
    1810
    1768
    1795
    1775
    1812
    1728
    1774
    1789
    1743
    1739
    1859
    1768
    1768
    1839
    1770
    1820
    1798
    1813
    1750
    1746
    1784
    1728
    1719
    1727
    1744
    1667
    1706
    1710
    1741
    1758
    1660
    1702
    1732
    1692
    1713
    1715
    1728
    1704
    1652
    1671
    1715
    1741
    1737
    1661
    1670
    1685
    1753
    1659
    1691
    1630
    1677
    1678
    1732
    1660
    1662
    1686
    1618
    1682
    1591
    1649
    1696
    1648
    1730
    1653
    1710
    1582
    1620
    1610
    1668
    1637
    1689
    1678
    1654
    1603
    1576
    1575
    1657
    1612
    1588
    1610
    1562
    1676
    1556
    1607
    1572
    1618
    1539
    1541
    1526
    1548
    1611
    1615
    1523
    1606
    1546
    1543
    1569
    1504
    1532
    1540
    1593
    1541
    1565
    1507
    1628
    1547
    1573
    1616
    1589
    1626
    1565
    1545
    1584
    1619
    1493
    1538
    1574
    1578
    1465
    1466
    1471
    1480
    1508
    1549
    1505
    1439
    1476
    1494
    1572
    1502
    1572
    1464
    1527
    1538
    1482
    1499
    1479
    1492
    1519
    1501
    1546
    1498
    1448
    1451
    1466
    1489
    1473
    1422
    1426
    1496
    1488
    1458
    1474
    1418
    1502
    1432
    1462
    1488
    1443
    1421
    1435
    1528
    1494
    1464
    1474
    1423
    1421
    1449
    1417
    1462
    1438
    1385
    1441
    1476
    1481
    1496
    1459
    1379
    1422
    1383
    1419
    1450
    1406
    1370
    1454
    1423
    1417
    1383
    1340
    1357
    1390
    1421
    1378
    1384
    1412
    1367
    1416
    1380
    1416
    1438
    1357
    1300
    1324
    1321
    1323
    1303
    1244
    1304
    1351
    1289
    1291
    1291
    1302
    1306
    1313
    1269
    1259
    1281
    1253
    1334
    1262
    1236
    1314
    1247
    1233
    1230
    1293
    1235
    1240
    1245
    1223
    1213
    1238
    1177
    1137
    1144
    1142
    1177
    1187
    1117
    1144
    1125
    1178
    1125
    1075
    1109
    1100
    1151
    1123
    1090
    1098
    1125
    1096
    1071
    1024
    1079
    1048
    1016
    1042
    1061
    1102
    1007
    1062
    1005
    1029
    1017
    1026
    1006
    1010
     970
    1018
    1014
     957
     937
     988
     934
     921
     934
     996
     877
     924
     965
     915
     945
     940
     908
     951
     890
     916
     868
     966
     898
     854
     839
     875
     866
     857
     913
     838
     884
     864
     841
     855
     837
     820
     879
     847
     826
     852
     792
     830
     822
     792
     781
     885
     829
     854
     788
     826
     785
     800
     872
     795
     771
     836
     867
     845
     816
     772
     764
     841
     804
     774
     814
     777
     809
     788
     785
     841
     762
     754
     791
     800
     716
     790
     754
     795
     710
     769
     809
     767
     789
     744
     726
     778
     745
     746
     750
     756
     763
     735
     746
     709
     735
     750
     771
     761
     688
     763
     726
     767
     693
     799
     781
     739
     720
     709
     717
     790
     791
     748
     680
     710
     711
     735
     709
     734
     680
     715
     733
     788
     747
     748
     678
     635
     694
     704
     691
     679
     705
     704
     709
     696
     711
     653
     708
     716
     676
     695
     702
     695
     707
     674
     684
     733
     791
     690
     725
     680
     698
     735
     694
     682
     703
     718
     737
     693
     672
     688
     692
     645
     699
     679
     666
     711
     688
     677
     638
     680
     654
     664
     647
     708
     704
     650
     651
     661
     676
     713
     696
     629
     665
     647
     618
     682
     663
     728
     661
     769
     719
     692
     696
     648
     639
     666
     675
     704
     707
     655
     675
     709
     695
     694
     670
     709
     688
     659
     699
     732
     726
     681
     665
     710
     627
     686
     713
     705
     704
     697
     650
     685
     689
     632
     669
     676
     735
     708
     660
     669
     706
     703
     736
     707
     718
     670
     665
     739
     642
     702
     691
     697
     735
     725
     683
     713
     718
     753
     677
     748
     710
     763
     704
     720
     714
     679
     722
     796
     668
     753
     721
     756
     768
     721
     762
     744
     743
     741
     721
     750
     757
     744
     737
     756
     820
     714
     744
     734
     708
     729
     716
     764
     743
     776
     752
     727
     777
     746
     781
     743
     812
     779
     739
     748
     803
     809
     790
     764
     811
     782
     769
     853
     811
     830
     794
     815
     859
     851
     846
     796
     855
     811
     820
     846
     805
     856
     822
     878
     825
     891
     880
     940
     899
     937
     977
     993
     882
     964
     909
     955
     972
     960
     899
    1005
    1043
     993
    1031
    1065
    1002
    1084
    1086
    1092
    1087
    1086
    1072
    1153
    1158
    1202
    1093
    1212
    1219
    1218
    1236
    1285
    1364
    1352
    1292
    1368
    1359
    1372
    1504
    1525
    1411
    1460
    1557
    1542
    1622
    1564
    1654
    1657
    1660
    1779
    1803
    1758
    1798
    1887
    1879
    1896
    2034
    1998
    2033
    2124
    2080
    2196
    2289
    2204
    2300
    2336
    2334
    2431
    2433
    2390
    2612
    2566
    2722
    2694
    2750
    2760
    2746
    2871
    2938
    2920
    3018
    3040
    3084
    3215
    3244
    3332
    3332
    3330
    3486
    3465
    3507
    3600
    3651
    3729
    3661
    3939
    3852
    3968
    3945
    4020
    4085
    4188
    4153
    4092
    4372
    4243
    4378
    4479
    4400
    4545
    4451
    4658
    4705
    4631
    4843
    4817
    4853
    4759
    4871
    5016
    4994
    5046
    5181
    5243
    5116
    5141
    5251
    5195
    5395
    5286
    5323
    5348
    5310
    5345
    5370
    5403
    5427
    5451
    5393
    5424
    5438
    5513
    5503
    5555
    5499
    5545
    5428
    5590
    5385
    5455
    5437
    5522
    5350
    5277
    5403
    5409
    5480
    5378
    5242
    5164
    5258
    5155
    5123
    5047
    5086
    5174
    4990
    4933
    4907
    4888
    4911
    4680
    4608
    4671
    4531
    4565
    4525
    4379
    4372
    4319
    4392
    4225
    4273
    4117
    3976
    3837
    3981
    3903
    3869
    3613
    3617
    3622
    3537
    3405
    3435
    3341
    3348
    3210
    3134
    2960
    2973
    3051
    2934
    2858
    2753
    2598
    2592
    2522
    2433
    2428
    2333
    2312
    2224
    2248
    2195
    2069
    2126
    1936
    1815
    1800
    1809
    1760
    1724
    1671
    1611
    1542
    1533
    1447
    1448
    1364
    1380
    1313
    1348
    1238
    1242
    1176
    1165
    1104
    1042
    1063
    1037
    1001
     876
     948
     868
     885
     848
     791
     776
     780
     803
     723
     733
     706
     708
     686
     660
     603
     636
     564
     613
     560
     559
     575
     549
     509
     480
     477
     454
     426
     449
     463
     426
     446
     414
     418
     422
     396
     443
     431
     388
     389
     389
     371
     379
     348
     360
     355
     323
     334
     299
     354
     343
     367
     347
     357
     341
     327
     353
     345
     357
     330
     288
     299
     314
     339
     311
     316
     330
     326
     295
     303
     322
     317
     294
     327
     313
     294
     317
     288
     298
     284
     319
     298
     316
     276
     300
     320
     270
     308
     318
     336
     283
     282
     319
     283
     282
     310
     300
     324
     292
     271
     278
     263
     304
     311
     309
     300
     314
     324
     291
     262
     307
     313
     284
     269
     295
     281
     319
     285
     314
     291
     284
     326
     310
     279
     271
     313
     291
     331
     296
     306
     334
     319
     304
     283
     320
     291
     342
     310
     277
     286
     291
     301
     282
     292
     302
     318
     285
     317
     324
     312
     299
     294
     299
     320
     306
     314
     337
     299
     312
     314
     305
     270
     288
     331
     317
     317
     298
     287
     294
     324
     321
     282
     343
     286
     330
     309
     299
     332
     349
     342
     316
     295
     329
     333
     322
     316
     346
     328
     320
     337
     311
     310
     337
     357
     369
     313
     319
     350
     334
     365
     348
     336
     364
     332
     306
     360
     340
     367
     336
     325
     358
     342
     375
     371
     392
     344
     356
     360
     357
     389
     353
     415
     345
     397
     389
     352
     358
     381
     406
     431
     391
     389
     392
     363
     401
     396
     388
     362
     368
     381
     420
     382
     398
     414
     408
     407
     433
     426
     387
     416
     383
     416
     427
     413
     410
     460
     434
     446
     420
     425
     404
     392
     425
     453
     444
     416
     438
     436
     417
     441
     418
     421
     428
     435
     433
     434
     453
     452
     441
     463
     434
     458
     414
     409
     483
     438
     474
     459
     434
     480
     490
     440
     411
     444
     498
     430
     440
     442
     441
     457
     472
     422
     438
     455
     445
     452
     473
     448
     405
     432
     446
     407
     453
     427
     379
     420
     405
     452
     432
     420
     446
     372
     450
     422
     398
     404
     439
     403
     377
     392
     412
     393
     347
     399
     407
     373
     374
     396
     368
     361
     372
     412
     381
     402
     352
     347
     365
     365
     356
     394
     346
     326
     378
     342
     372
     371
     350
     366
     373
     385
     301
     362
     360
     381
     366
     342
     319
     394
     346
     358
     295
     301
     367
     314
     341
     347
     345
     318
     328
     322
     291
     315
     331
     311
     307
     324
     302
     332
     336
     290
     299
     298
     321
     298
     286
     328
     285
     267
     281
     283
     282
     297
     264
     273
     279
     271
     286
     277
     280
     265
     294
     276
     287
     244
     317
     294
     260
     289
     264
     285
     258
     242
     270
     289
     236
     289
     242
     250
     252
     268
     256
     254
     270
     256
     266
     246
     255
     260
     266
     262
     242
     268
     268
     261
     276
     259
     277
     255
     256
     252
     249
     277
     248
     262
     247
     260
     254
     244
     255
     234
     266
     262
     243
     248
     263
     220
     277
     290
     282
     268
     250
     298
     296
     274
     257
     250
     260
     247
     235
     257
     251
     255
     281
     271
     247
       0
       0
       0
       0
       0
       0
       0
       0
       0
       0
       0
       0
       0
       0
       0
       0
       0
       0
       0
       0
       0
       0
       0
       0
       0
       0
       0
       0
       0
       0
       0
       0
$ROI:
0
$PRESETS:
None
0
0
$ENER_FIT:
0.000000 0.722271
$MCA_CAL:
3
0.000000E+000 7.222707E-001 0.000000E+000 keV
$SHAPE_CAL:
3
0.000000E+000 0.000000E+000 0.000000E+000
