$SPEC_ID:
Recoil
$SPEC_REM:
DET# 3
DETDESC# JLAB-11 MCB 134
AP# Maestro Version 7.01
$DATE_MEA:
02/27/2025 15:58:18
$MEAS_TIM:
325 335
$DATA:
0 2047
       0
       0
       0
       0
       0
       0
       2
      22
   36318
    1980
    2033
    1373
    1224
    1174
    1148
    1090
    1000
     936
     835
     699
     558
     452
     419
     351
     236
     241
     257
     190
     218
     213
     198
     196
     204
     209
     196
     182
     184
     190
     211
     233
     226
     212
     201
     198
     243
     247
     233
     216
     222
     231
     222
     226
     231
     235
     256
     255
     243
     254
     259
     253
     287
     299
     262
     304
     336
     324
     358
     377
     422
     473
     513
     623
     642
     730
     824
     979
    1095
    1272
    1544
    1723
    2072
    2210
    2749
    3018
    3493
    4066
    4608
    5037
    5521
    6045
    6423
    6951
    7442
    7556
    7874
    7930
    7839
    7684
    7539
    7166
    6735
    6221
    6012
    5365
    4890
    4346
    3872
    3456
    3129
    2666
    2336
    1998
    1718
    1464
    1286
    1119
     954
     809
     709
     670
     524
     477
     440
     399
     345
     381
     355
     303
     298
     296
     275
     266
     288
     309
     285
     288
     281
     266
     315
     331
     307
     341
     349
     356
     390
     347
     388
     378
     443
     452
     471
     470
     477
     472
     540
     480
     498
     498
     544
     546
     545
     545
     544
     508
     560
     501
     508
     497
     524
     507
     511
     457
     472
     425
     427
     461
     430
     405
     446
     409
     463
     439
     417
     462
     406
     448
     429
     432
     483
     503
     466
     541
     492
     517
     508
     553
     553
     544
     583
     565
     553
     547
     568
     571
     556
     574
     654
     630
     589
     635
     610
     648
     648
     661
     673
     687
     708
     697
     757
     800
     811
     857
     832
     955
     903
     976
    1000
    1120
    1122
    1229
    1255
    1289
    1367
    1423
    1582
    1561
    1635
    1705
    1773
    1860
    1893
    1918
    2015
    2008
    2093
    2147
    2068
    2090
    2135
    2041
    2039
    2000
    2045
    1950
    1874
    1774
    1688
    1625
    1522
    1448
    1323
    1279
    1224
    1121
    1039
     894
     912
     781
     779
     677
     622
     559
     558
     500
     464
     421
     380
     355
     359
     358
     394
     328
     348
     316
     311
     284
     284
     279
     305
     288
     251
     306
     268
     316
     279
     312
     268
     279
     287
     301
     303
     274
     307
     268
     285
     295
     282
     295
     288
     329
     296
     249
     298
     312
     304
     317
     301
     309
     274
     332
     299
     305
     289
     305
     316
     315
     303
     321
     310
     329
     320
     294
     331
     331
     352
     328
     328
     318
     327
     325
     302
     314
     341
     291
     332
     327
     299
     315
     326
     356
     323
     304
     317
     357
     305
     320
     300
     311
     296
     318
     348
     294
     344
     327
     325
     295
     293
     334
     324
     316
     298
     315
     314
     301
     318
     341
     292
     308
     310
     315
     311
     302
     303
     310
     320
     327
     339
     304
     301
     319
     358
     314
     334
     305
     337
     346
     315
     329
     292
     359
     314
     326
     297
     316
     335
     332
     340
     345
     345
     337
     348
     328
     365
     331
     372
     375
     341
     363
     378
     342
     338
     365
     370
     337
     344
     373
     387
     386
     326
     404
     338
     413
     383
     365
     364
     364
     393
     364
     374
     390
     384
     436
     387
     344
     371
     447
     392
     390
     426
     399
     392
     430
     452
     434
     385
     409
     422
     405
     384
     431
     418
     364
     365
     422
     383
     401
     417
     371
     395
     405
     403
     442
     418
     430
     376
     391
     428
     356
     395
     376
     384
     393
     344
     413
     361
     387
     382
     402
     370
     376
     370
     370
     376
     374
     352
     343
     381
     378
     371
     392
     392
     348
     368
     382
     345
     373
     359
     331
     371
     333
     394
     364
     359
     349
     370
     330
     364
     356
     350
     318
     372
     366
     325
     351
     349
     311
     341
     357
     355
     349
     325
     318
     306
     346
     325
     330
     358
     335
     318
     330
     338
     303
     330
     325
     337
     338
     340
     312
     337
     308
     314
     319
     327
     321
     324
     315
     352
     330
     353
     293
     332
     311
     319
     361
     317
     267
     293
     323
     297
     298
     308
     310
     303
     310
     302
     314
     309
     318
     312
     322
     259
     290
     336
     275
     256
     269
     260
     307
     279
     295
     276
     299
     276
     270
     288
     293
     275
     268
     281
     290
     265
     254
     278
     266
     253
     267
     269
     258
     287
     260
     270
     264
     239
     264
     252
     242
     235
     243
     233
     246
     241
     249
     258
     271
     256
     266
     239
     239
     255
     262
     224
     254
     224
     241
     240
     245
     223
     273
     244
     230
     234
     235
     222
     223
     252
     214
     260
     237
     225
     223
     254
     215
     214
     214
     225
     217
     225
     229
     212
     255
     230
     226
     218
     202
     229
     223
     220
     214
     203
     209
     213
     193
     204
     212
     226
     217
     211
     200
     202
     199
     218
     208
     180
     194
     219
     176
     178
     184
     184
     196
     216
     201
     191
     198
     205
     195
     196
     194
     201
     202
     186
     186
     185
     186
     207
     201
     221
     215
     192
     198
     181
     173
     189
     187
     180
     184
     180
     182
     196
     208
     200
     207
     180
     207
     164
     182
     196
     189
     215
     210
     217
     202
     203
     219
     198
     184
     210
     197
     206
     199
     207
     192
     214
     199
     196
     193
     240
     222
     255
     246
     193
     242
     266
     240
     228
     245
     215
     269
     249
     249
     244
     235
     240
     251
     246
     272
     264
     256
     247
     236
     286
     277
     242
     267
     268
     252
     254
     279
     272
     263
     261
     264
     293
     272
     273
     266
     324
     282
     297
     275
     289
     299
     257
     280
     300
     283
     313
     297
     316
     300
     291
     304
     281
     311
     302
     317
     310
     325
     338
     304
     294
     320
     343
     327
     297
     340
     311
     333
     351
     343
     332
     329
     349
     365
     355
     367
     361
     349
     366
     366
     352
     376
     367
     378
     404
     413
     361
     321
     381
     376
     389
     356
     358
     373
     366
     421
     373
     403
     410
     373
     369
     383
     422
     387
     411
     376
     405
     388
     349
     407
     360
     360
     374
     358
     365
     359
     400
     338
     366
     344
     356
     384
     370
     324
     369
     363
     321
     334
     354
     364
     312
     325
     299
     323
     307
     308
     312
     284
     303
     296
     298
     281
     293
     262
     270
     265
     259
     290
     296
     273
     271
     249
     243
     271
     258
     210
     241
     243
     232
     213
     232
     246
     248
     241
     249
     256
     242
     232
     249
     253
     237
     257
     236
     243
     251
     250
     276
     277
     270
     256
     265
     264
     272
     310
     301
     308
     311
     313
     336
     327
     332
     360
     343
     351
     383
     400
     415
     393
     418
     409
     422
     437
     423
     437
     495
     466
     442
     475
     516
     517
     526
     515
     529
     506
     582
     551
     530
     580
     566
     587
     638
     575
     615
     556
     582
     627
     624
     676
     643
     695
     694
     687
     706
     653
     647
     652
     690
     720
     687
     682
     667
     728
     718
     696
     763
     733
     708
     689
     712
     727
     737
     704
     681
     701
     719
     689
     728
     716
     721
     708
     693
     746
     664
     687
     661
     692
     682
     680
     687
     670
     687
     675
     644
     645
     615
     665
     601
     577
     609
     596
     570
     553
     575
     565
     534
     562
     557
     498
     539
     529
     442
     503
     479
     460
     474
     418
     458
     445
     408
     449
     405
     416
     387
     383
     404
     363
     363
     367
     340
     330
     334
     316
     300
     304
     339
     305
     268
     287
     288
     260
     288
     307
     250
     249
     246
     224
     242
     207
     255
     225
     240
     252
     216
     231
     235
     207
     189
     193
     200
     192
     223
     181
     172
     179
     181
     179
     171
     162
     159
     150
     156
     166
     171
     162
     147
     164
     136
     152
     143
     162
     163
     139
     135
     137
     124
     118
     140
     117
     136
     117
     137
     132
     101
     119
     113
     125
     115
     124
     113
      95
      96
     104
     107
      97
      97
     102
      92
      93
      95
      99
      85
     100
      91
      93
     100
      73
      85
      94
     100
      75
      80
     102
      73
      92
      90
      77
      93
      80
     101
      96
      89
      89
     103
      84
      80
      87
      81
      87
      69
      75
      89
      81
      71
      97
      60
      77
      85
      78
      61
      79
      80
      67
      77
      91
      80
      66
      86
      82
      78
      68
      60
      67
      72
      70
      56
      87
      71
      75
      67
      72
      59
      77
      61
      80
      73
      61
      61
      76
      67
      78
      66
      79
      73
      79
      77
      69
      80
      76
      63
      68
      78
      65
      68
      78
      64
      55
      75
      77
      68
      64
      79
      66
      74
      62
      67
      65
      71
      60
      63
      63
      72
      87
      67
      66
      55
      62
      66
      55
      57
      70
      69
      66
      64
      51
      64
      65
      59
      56
      51
      75
      54
      55
      47
      49
      57
      52
      51
      43
      62
      54
      40
      40
      55
      49
      55
      42
      50
      55
      58
      49
      44
      54
      51
      45
      44
      41
      55
      36
      47
      42
      47
      43
      50
      37
      48
      40
      37
      36
      61
      36
      35
      33
      39
      45
      46
      35
      52
      42
      30
      44
      34
      47
      37
      36
      38
      34
      31
      35
      44
      40
      26
      27
      29
      30
      30
      31
      39
      30
      22
      37
      40
      33
      49
      42
      30
      37
      45
      38
      31
      29
      35
      36
      37
      41
      26
      31
      37
      33
      34
      30
      27
      35
      35
      28
      32
      24
      35
      29
      28
      36
      32
      34
      40
      22
      27
      32
      27
      22
      31
      32
      25
      25
      31
      31
      19
      26
      37
      19
      37
      22
      25
      26
      28
      36
      32
      24
      31
      27
      32
      28
      19
      17
      24
      29
      31
      33
      24
      28
      25
      21
      32
      37
      35
      39
      22
      34
      38
      24
      32
      34
      24
      22
      38
      26
      18
      23
      21
      19
      27
      24
      20
      23
      29
      25
      24
      25
      20
      17
      29
      29
      28
      25
      20
      24
      22
      21
      28
      24
      26
      24
      24
      23
      20
      25
      15
      21
      24
      22
      16
      28
      22
      14
      22
      18
      25
      29
      25
      17
      28
      25
      28
      22
      20
      20
      21
      24
      27
      32
      22
      23
      25
      24
      25
      24
      30
      20
      27
      32
      28
      21
      18
      21
      23
      23
      20
      23
      18
      22
      25
      21
      25
      28
      17
      25
      30
      29
      13
      24
      21
      26
      31
      41
      35
      24
      28
      21
      29
      16
      28
      26
      28
      28
      25
      32
      31
      27
      20
      24
      30
      20
      31
      32
      32
      32
      22
      31
      29
      27
      27
      20
      25
      26
      28
      32
      23
      28
      30
      34
      24
      29
      35
      20
      29
      33
      19
      24
      31
      33
      30
      24
      31
      25
      36
      22
      14
      25
      21
      29
      27
      32
      29
      35
      25
      22
      26
      28
      29
      24
      28
      23
      27
      27
      21
      28
      32
      29
      27
      32
      32
      27
      32
      36
      24
      25
      32
      24
      31
      32
      32
      22
      34
      24
      38
      36
      45
      45
      32
      33
      25
      33
      39
      51
      31
      40
      34
      30
      43
      36
      23
      29
      35
      46
      41
      34
      40
      20
      38
      40
      30
      36
      33
      35
      39
      43
      35
      35
      36
      42
      40
      35
      49
      49
      37
      55
      34
      54
      36
      43
      47
      35
      50
      46
      52
      64
      46
      41
      50
      44
      52
      61
      60
      57
      47
      45
      50
      60
      69
      57
      59
      54
      64
      71
      65
      59
      63
      78
      61
      56
      81
      74
      87
      76
      82
      86
      77
      75
      71
      82
      81
      87
      82
     105
      99
      94
      90
     115
     110
     103
      91
     104
     116
     101
     125
     117
     116
      83
     117
     133
     132
     127
     144
     133
     139
     143
     133
     158
     140
     133
     147
     155
     156
     167
     179
     168
     178
     159
     155
     177
     182
     174
     166
     187
     208
     172
     185
     212
     214
     189
     201
     234
     207
     198
     219
     221
     215
     223
     230
     263
     209
     250
     250
     250
     268
     245
     263
     244
     274
     272
     278
     273
     263
     275
     283
     284
     273
     296
     269
     288
     283
     308
     307
     329
     341
     300
     309
     325
     289
     308
     323
     301
     345
     323
     295
     334
     329
     336
     344
     340
     308
     325
     353
     329
     315
     314
     362
     281
     305
     322
     314
     326
     314
     368
     343
     299
     344
     370
     324
     338
     312
     327
     305
     342
     307
     300
     326
     296
     338
     307
     326
     271
     322
     269
     297
     270
     265
     302
     300
     244
     265
     272
     275
     237
     282
     264
     255
     237
     257
     234
     268
     247
     238
     227
     236
     231
     227
     228
     228
     186
     211
     204
     232
     214
     178
     198
     170
     190
     176
     172
     171
     161
     153
     162
     143
     146
     164
     157
     145
     144
     160
     130
     145
     120
     126
     129
     130
     110
     114
     122
     105
     110
      90
     101
     101
      92
      87
      73
      75
      92
      70
      91
      83
      89
      80
      69
      60
      60
      56
      63
      74
      47
      70
      46
      56
      61
      53
      49
      48
      52
      48
      57
      33
      37
      38
      36
      46
      40
      41
      42
      37
      31
      19
      34
      27
      34
      34
      29
      26
      20
      20
      13
      21
      18
      13
      19
      25
      19
      15
      18
      20
      23
      25
      16
      12
       6
      17
      19
      14
      16
      17
      19
       7
       4
       9
      12
      10
      10
      11
      13
       9
      12
      10
       7
      11
      12
      12
       5
       5
       4
      10
       4
       5
      11
       4
       6
       7
       8
       4
       8
       6
       9
       5
       4
       5
       5
       6
       5
       4
      11
       5
       8
       4
       9
       2
       8
       4
       9
       5
       9
       4
       5
       6
       6
       3
       5
       9
       6
       8
       5
       7
      10
       5
       3
       6
       5
       5
       3
       7
       9
       6
       3
       4
       6
       6
       4
       3
       9
       0
       0
       0
       0
       0
       0
       0
       0
       0
       0
       0
       0
       0
       0
       0
       0
       0
       0
       0
       0
       0
       0
       0
       0
       0
       0
       0
       0
       0
       0
       0
       0
$ROI:
0
$PRESETS:
None
0
0
$ENER_FIT:
0.000000 0.722271
$MCA_CAL:
3
0.000000E+000 7.222707E-001 0.000000E+000 keV
$SHAPE_CAL:
3
0.000000E+000 0.000000E+000 0.000000E+000
