$SPEC_ID:
Scatter
$SPEC_REM:
DET# 2
DETDESC# JLAB-11 MCB 133
AP# Maestro Version 7.01
$DATE_MEA:
02/27/2025 15:58:15
$MEAS_TIM:
318 327
$DATA:
0 2047
       0
       0
       0
       0
       0
       0
    3906
  405471
   28373
   21819
    9988
    5593
    3208
    1802
    1134
     912
     778
     639
     500
     493
     412
     358
     292
     254
     210
     208
     160
     149
     148
     115
     117
     135
     110
     123
      96
      90
     104
     105
     123
     117
     101
     105
      97
     119
     105
     114
     115
     122
     109
     110
     110
     126
     106
     119
     107
     121
     125
     113
     143
     114
     127
     128
     129
     159
     140
     178
     178
     181
     225
     223
     223
     267
     351
     387
     426
     520
     597
     745
     889
    1078
    1216
    1380
    1699
    1875
    2129
    2395
    2682
    2946
    3404
    3487
    3823
    4026
    4064
    4080
    4368
    4332
    4274
    4156
    4004
    3789
    3601
    3365
    3089
    2802
    2591
    2287
    2073
    1875
    1589
    1507
    1258
    1119
     950
     830
     746
     648
     609
     493
     428
     383
     342
     275
     251
     249
     215
     205
     227
     183
     189
     186
     181
     169
     175
     176
     177
     152
     174
     183
     195
     184
     201
     194
     216
     201
     211
     232
     259
     254
     288
     257
     260
     246
     279
     298
     319
     282
     305
     337
     309
     326
     340
     318
     321
     344
     327
     355
     300
     310
     309
     293
     297
     327
     291
     283
     296
     267
     320
     283
     282
     270
     281
     293
     323
     300
     275
     311
     333
     305
     317
     316
     336
     300
     345
     322
     321
     334
     334
     370
     369
     361
     387
     356
     396
     318
     386
     384
     346
     393
     410
     403
     389
     431
     433
     433
     445
     403
     503
     488
     554
     541
     604
     601
     625
     674
     687
     718
     803
     825
     865
     871
     995
     964
    1032
    1142
    1146
    1214
    1241
    1292
    1310
    1341
    1377
    1464
    1463
    1474
    1455
    1481
    1526
    1469
    1476
    1395
    1424
    1369
    1357
    1301
    1279
    1260
    1174
    1134
    1053
     988
     977
     920
     854
     772
     734
     691
     635
     613
     581
     505
     468
     464
     402
     379
     354
     315
     318
     294
     262
     263
     284
     269
     226
     205
     215
     207
     212
     205
     192
     184
     216
     207
     184
     197
     193
     184
     191
     179
     195
     194
     198
     196
     187
     220
     202
     193
     217
     200
     230
     184
     216
     203
     193
     226
     204
     182
     220
     207
     194
     210
     212
     193
     214
     225
     199
     219
     229
     206
     228
     206
     198
     219
     191
     205
     229
     202
     217
     223
     215
     223
     207
     202
     232
     207
     215
     244
     227
     203
     199
     202
     205
     220
     213
     225
     222
     184
     177
     214
     221
     206
     216
     226
     234
     199
     236
     200
     205
     215
     193
     214
     227
     224
     203
     210
     190
     201
     201
     194
     231
     229
     219
     200
     232
     195
     209
     220
     201
     224
     214
     212
     207
     214
     213
     232
     198
     217
     221
     225
     216
     212
     201
     216
     212
     240
     236
     230
     258
     257
     222
     215
     242
     233
     219
     255
     220
     211
     234
     243
     226
     230
     208
     253
     253
     264
     230
     260
     258
     241
     237
     282
     236
     247
     259
     268
     233
     235
     255
     248
     277
     238
     267
     277
     286
     249
     256
     276
     280
     256
     270
     289
     286
     276
     267
     252
     243
     273
     254
     248
     254
     251
     282
     254
     234
     249
     242
     262
     268
     228
     240
     249
     235
     251
     246
     248
     257
     239
     230
     240
     229
     261
     229
     243
     222
     232
     215
     198
     245
     250
     210
     253
     225
     230
     216
     208
     234
     209
     228
     210
     243
     235
     208
     225
     194
     202
     208
     217
     198
     257
     221
     239
     199
     211
     204
     212
     205
     212
     220
     184
     214
     212
     208
     195
     200
     200
     183
     190
     182
     208
     198
     207
     207
     192
     197
     185
     207
     174
     192
     183
     178
     187
     216
     168
     208
     185
     205
     192
     189
     220
     213
     189
     190
     195
     193
     189
     173
     191
     187
     209
     192
     186
     177
     187
     189
     219
     181
     190
     170
     166
     198
     193
     195
     179
     179
     159
     159
     155
     188
     180
     183
     158
     170
     154
     159
     156
     180
     166
     168
     166
     159
     156
     158
     146
     148
     173
     163
     156
     142
     139
     139
     170
     137
     165
     129
     143
     153
     162
     154
     170
     146
     143
     167
     142
     136
     160
     177
     161
     150
     136
     159
     175
     143
     147
     145
     154
     106
     149
     151
     150
     165
     151
     137
     140
     153
     144
     132
     130
     123
     136
     145
     116
     130
     157
     146
     144
     143
     129
     146
     138
     116
     150
     133
     123
     148
     139
     151
     115
     150
     156
     141
     126
     125
     119
     139
     132
     115
     126
     125
     111
     136
     128
     132
     103
     125
     120
     142
     135
     116
     110
     113
     108
     127
     120
     116
     104
     109
     120
     107
     100
     115
     122
     115
     133
     115
     121
      97
     113
      93
      96
     107
     106
     107
     102
     114
     110
     122
     121
     105
     119
      99
     111
     109
     106
     115
     124
     129
     127
     118
      92
     114
     116
     123
     110
     103
     113
     127
     110
     112
     119
     142
     113
     125
     135
     136
     103
     118
     147
     129
     118
     122
     118
     131
     127
     145
     114
     129
     142
     128
     165
     156
     157
     159
     137
     141
     149
     143
     158
     154
     163
     155
     151
     148
     132
     156
     169
     161
     147
     181
     157
     160
     189
     139
     179
     169
     165
     175
     185
     186
     175
     167
     187
     183
     175
     177
     215
     179
     148
     189
     194
     188
     185
     197
     175
     215
     192
     198
     199
     177
     219
     204
     182
     208
     166
     180
     190
     211
     209
     186
     218
     237
     221
     225
     214
     206
     201
     187
     233
     213
     245
     231
     214
     231
     229
     241
     222
     266
     244
     237
     201
     221
     263
     249
     273
     245
     274
     253
     249
     271
     267
     247
     261
     281
     243
     253
     253
     274
     298
     258
     273
     236
     279
     250
     252
     249
     247
     272
     252
     255
     245
     251
     248
     239
     234
     247
     250
     239
     230
     234
     244
     232
     216
     224
     218
     227
     214
     225
     209
     209
     193
     200
     192
     185
     205
     162
     187
     162
     171
     191
     160
     153
     171
     159
     158
     152
     168
     146
     162
     160
     146
     145
     138
     149
     132
     150
     142
     133
     115
     137
     116
     121
     130
     123
     128
     106
     150
     137
     121
     135
     154
     116
     141
     165
     131
     145
     144
     175
     157
     143
     155
     173
     177
     168
     188
     188
     195
     195
     196
     199
     202
     209
     218
     241
     236
     234
     276
     247
     257
     280
     295
     292
     260
     305
     296
     335
     328
     338
     323
     366
     360
     392
     378
     339
     342
     399
     406
     362
     396
     395
     385
     427
     429
     415
     428
     478
     439
     447
     494
     400
     491
     480
     522
     477
     498
     474
     482
     549
     531
     494
     534
     472
     561
     577
     538
     565
     552
     503
     543
     559
     495
     534
     539
     559
     534
     532
     504
     551
     566
     541
     529
     518
     513
     547
     536
     497
     474
     513
     484
     475
     488
     485
     471
     459
     495
     464
     421
     408
     453
     428
     409
     455
     415
     407
     385
     414
     385
     393
     373
     353
     302
     354
     329
     321
     331
     331
     272
     289
     281
     280
     304
     248
     283
     242
     238
     239
     260
     232
     237
     227
     208
     198
     192
     202
     185
     178
     184
     205
     154
     130
     184
     167
     160
     155
     149
     149
     155
     173
     153
     138
     139
      93
     119
     137
     100
     148
     126
     102
     109
     111
     104
     101
      96
     113
     113
     110
      93
      94
      80
      64
      87
      73
      87
      84
      76
      94
      62
      75
      75
      72
      66
      74
      73
      64
      54
      76
      73
      54
      47
      56
      56
      45
      47
      58
      51
      41
      53
      49
      51
      42
      46
      46
      52
      34
      37
      39
      41
      29
      34
      42
      34
      35
      26
      28
      40
      31
      37
      27
      23
      39
      32
      23
      23
      31
      22
      31
      27
      29
      23
      20
      25
      25
      16
      18
      23
      17
      24
      28
      21
      22
      14
      18
      14
      27
      19
      21
      13
      16
      17
      14
      14
      25
      15
      21
      15
      12
      17
      16
      15
      13
      20
      21
      19
      18
      18
      13
      17
      20
      15
      22
      24
      16
      15
      18
      11
      16
      15
      15
      12
      13
      17
      18
      12
      22
      16
      17
      14
      13
      16
      15
      10
      11
      11
      15
      14
      11
      17
      19
      24
      10
      15
      17
      15
      10
      14
      16
      15
      18
      14
      11
      21
       9
      16
      19
      16
      14
      15
      12
      11
      13
      20
      21
      13
      22
       8
      11
      21
      11
      16
      19
      14
      17
      17
      11
      10
      14
      17
      13
      12
      11
      13
      14
       7
       9
      13
      13
      11
       9
      11
      16
      14
       9
       9
      11
       5
      11
      10
      15
      10
      12
      12
      10
      10
      20
      16
      10
       8
      14
      13
      11
      16
      11
      17
       9
      17
      12
      10
       7
      19
      11
      14
       5
      13
      14
      11
       9
      16
      17
       7
      13
      13
       8
      15
      11
      13
       8
       9
      10
      13
       7
      16
       9
      12
      14
      12
       7
       9
       9
       8
       8
       8
      14
      13
      12
      10
      10
      17
       9
      16
      11
      17
       8
       9
       9
       8
       6
      15
       7
      15
       8
       5
       5
      12
      11
       8
      11
      10
      10
       9
      11
      13
      14
      10
      12
      18
      14
      13
       9
      13
      11
       7
       8
       6
      12
      11
       5
      11
      12
      14
       7
      11
       9
      16
      15
       9
      10
      12
      14
      11
      12
      15
      18
       8
      14
       9
       5
       9
      10
      13
      13
      14
       8
      11
      12
      13
      18
       5
      11
       9
      12
      11
      11
      11
       8
      17
      10
      11
      12
      17
       8
      14
      13
      16
       9
       4
       8
      16
       7
      11
      16
       9
      12
       8
      11
       4
       7
       7
       6
      10
      14
      11
      10
      12
       9
       8
       8
       8
      10
       8
       8
      17
      11
      11
       7
       5
      10
       4
      10
       5
       7
       9
      11
      11
       9
       8
      11
       8
       9
      12
       7
       8
       9
       4
      10
      11
      11
       8
       7
      12
      11
       9
      11
      11
      11
       8
       8
       5
       8
       8
       8
      10
       8
       6
      10
      12
      10
       8
       7
       9
       8
       9
      12
      13
       7
       9
       7
       9
       9
      10
       7
       9
       5
       5
       7
       4
       4
       9
       7
       9
       8
       6
      10
       8
      13
       6
      11
       5
       9
      11
       9
       8
       8
      12
       8
       4
      11
      10
       6
      10
      17
       7
       5
      12
      11
      12
       8
      11
       8
       6
      12
      15
       8
      10
       5
       5
      10
       7
       9
       9
      12
      12
      10
      10
      11
      11
       5
       7
      10
       9
      10
      10
       5
      11
      10
      18
       9
      13
       7
      20
       6
       8
       9
      11
       4
      11
      10
       8
      14
      11
      16
      13
       9
      10
      16
      10
       9
       5
      12
       9
      11
       7
      10
       4
      14
      12
      18
       8
      13
       9
      12
       6
      10
       8
      10
       7
       5
      16
       8
      10
      13
       8
      14
       8
       8
       6
      13
      17
       8
      18
       9
      12
       9
      10
       9
      14
       7
       9
      13
       8
       7
      13
       9
       8
       9
      10
      13
      12
      13
       9
      12
       7
      12
       6
       8
      15
      11
       6
       9
       9
      17
       8
      15
       6
       7
       6
       8
       5
      12
      11
      13
       9
       8
      15
      12
      10
       7
       9
       9
       4
      10
      11
       9
      11
       7
       8
       6
       8
      12
      12
       6
      19
      13
      10
       7
       8
       9
      12
       7
      10
      14
      11
       9
       6
       7
       9
       7
      12
      14
       5
       6
       6
      10
      14
       8
       7
      11
       9
       9
       6
      10
       7
      17
      11
       7
       3
       6
       6
       7
      11
      11
       9
      10
       6
       7
       6
      10
       8
       9
       5
      10
       6
       7
       8
       8
       6
      10
       4
       4
       4
      14
       4
       8
       9
      10
       7
      12
       7
       7
       8
       8
       8
       8
       5
       7
       9
       5
       7
      11
       9
       8
       1
      16
       7
       7
       4
       7
       5
       5
      13
       6
       7
       8
      11
       9
       5
       9
       6
       7
      13
       8
       5
       5
       8
       5
       8
       7
      13
       3
       9
      12
       2
       8
      13
       4
       2
       9
       9
       5
       7
       6
      13
       2
       6
       3
       9
       6
      12
       2
       5
      10
      10
       5
       7
       8
       5
       4
       7
       4
      11
       6
      10
       9
       5
      11
      10
       8
       5
       4
       7
       8
       4
       7
       2
       3
       5
       4
       4
       7
       3
       6
       1
       8
       5
       9
       3
       6
       3
       3
       5
       4
       4
       0
       6
       8
       6
       9
       8
       5
       4
       6
       3
       3
       5
       9
       3
       3
       2
       7
       9
       5
       7
       6
       3
       6
       3
       9
       6
       6
       4
       2
       4
       2
       8
       3
       7
       4
       6
       3
       2
       4
       6
       7
       2
       7
       6
       1
       2
       5
       4
       2
       3
       2
       3
       4
       6
       5
       5
       5
       3
       3
       7
       3
       4
       8
       2
       5
       1
       1
       3
      10
       5
       4
       5
       4
       3
       1
       2
       9
       2
       2
       1
       9
       3
       4
       3
       7
       2
       1
       3
       1
       2
       1
       9
       1
       6
       2
       3
       3
       0
       4
       4
       7
       4
       6
       6
       1
       4
       3
       4
      13
       2
       5
       3
       5
       6
       5
       3
       3
       4
       4
       2
       7
       3
       5
       3
       4
       6
       6
       6
       7
       5
       2
       3
       3
       5
       4
       3
       4
       1
       2
       6
       5
       5
       4
       4
       4
       3
       5
       3
       0
       0
       0
       0
       0
       0
       0
       0
       0
       0
       0
       0
       0
       0
       0
       0
       0
       0
       0
       0
       0
       0
       0
       0
       0
       0
       0
       0
       0
       0
       0
       0
$ROI:
0
$PRESETS:
None
0
0
$ENER_FIT:
0.000000 0.421939
$MCA_CAL:
3
0.000000E+000 4.219387E-001 0.000000E+000 keV
$SHAPE_CAL:
3
0.000000E+000 0.000000E+000 0.000000E+000
