$SPEC_ID:
Scatter
$SPEC_REM:
DET# 2
DETDESC# JLAB-11 MCB 133
AP# Maestro Version 7.01
$DATE_MEA:
02/27/2025 16:11:35
$MEAS_TIM:
297 382
$DATA:
0 2047
       0
       0
       0
       1
       9
      35
   15922
 1556567
  240655
  264885
  171892
  128432
   97586
   72138
   53872
   40428
   30364
   23014
   17734
   13248
    9852
    7653
    5924
    4493
    3364
    2728
    2237
    1827
    1525
    1347
    1260
    1204
    1112
    1021
    1042
     979
    1002
     980
     979
     952
     951
     957
     977
     953
     926
     990
    1028
     993
    1016
     933
    1004
     966
     939
     992
    1020
    1008
     984
    1024
    1013
    1030
    1014
    1023
     973
     981
    1005
    1012
    1047
    1013
    1019
     986
    1092
    1012
    1014
    1032
    1071
    1015
    1006
    1043
    1036
    1053
    1062
    1033
    1050
    1095
    1046
    1065
    1111
    1165
    1145
    1113
    1112
    1111
    1142
    1124
    1093
    1088
    1134
    1102
    1144
    1084
    1151
    1095
    1050
    1085
    1092
    1058
    1060
    1083
    1038
    1095
    1147
    1098
    1093
    1062
    1058
    1080
    1043
    1082
    1087
    1112
    1060
    1131
    1046
    1091
    1072
    1076
    1080
    1200
    1054
    1096
    1089
    1060
    1020
    1105
    1087
    1140
    1122
    1138
    1122
    1091
    1073
    1126
    1071
    1123
    1127
    1093
    1096
    1101
    1144
    1112
    1073
    1099
    1124
    1156
    1089
    1082
    1143
    1159
    1120
    1073
    1116
    1137
    1084
    1070
    1082
    1141
    1153
    1138
    1099
    1149
    1176
    1160
    1170
    1175
    1185
    1130
    1116
    1179
    1133
    1124
    1130
    1130
    1111
    1143
    1145
    1155
    1146
    1180
    1207
    1171
    1179
    1222
    1091
    1111
    1168
    1213
    1172
    1212
    1147
    1180
    1169
    1146
    1213
    1215
    1170
    1201
    1228
    1167
    1233
    1236
    1217
    1169
    1258
    1256
    1205
    1189
    1255
    1179
    1212
    1273
    1300
    1285
    1289
    1313
    1277
    1270
    1292
    1291
    1271
    1279
    1265
    1219
    1272
    1225
    1286
    1272
    1311
    1315
    1310
    1319
    1260
    1253
    1267
    1261
    1317
    1240
    1231
    1273
    1302
    1258
    1263
    1299
    1305
    1283
    1276
    1298
    1214
    1330
    1302
    1333
    1319
    1305
    1283
    1300
    1269
    1301
    1352
    1272
    1278
    1331
    1346
    1228
    1289
    1309
    1263
    1319
    1278
    1341
    1334
    1335
    1345
    1278
    1312
    1346
    1323
    1322
    1297
    1366
    1347
    1285
    1381
    1389
    1362
    1306
    1389
    1349
    1310
    1360
    1337
    1349
    1343
    1443
    1347
    1356
    1423
    1374
    1404
    1358
    1391
    1400
    1398
    1415
    1393
    1344
    1400
    1408
    1333
    1424
    1390
    1365
    1418
    1409
    1422
    1431
    1424
    1402
    1427
    1415
    1403
    1432
    1447
    1521
    1405
    1471
    1422
    1456
    1455
    1507
    1448
    1418
    1485
    1443
    1521
    1465
    1405
    1528
    1443
    1482
    1490
    1514
    1460
    1487
    1581
    1505
    1420
    1461
    1465
    1514
    1529
    1536
    1585
    1555
    1470
    1533
    1471
    1484
    1553
    1474
    1527
    1565
    1512
    1499
    1478
    1546
    1550
    1499
    1497
    1523
    1492
    1515
    1494
    1564
    1558
    1493
    1525
    1524
    1573
    1540
    1453
    1541
    1565
    1607
    1571
    1505
    1573
    1509
    1540
    1524
    1512
    1551
    1570
    1586
    1534
    1523
    1617
    1545
    1629
    1501
    1560
    1542
    1528
    1522
    1509
    1605
    1563
    1572
    1514
    1586
    1553
    1589
    1543
    1538
    1601
    1556
    1521
    1564
    1446
    1559
    1544
    1535
    1610
    1627
    1550
    1625
    1586
    1587
    1574
    1565
    1556
    1578
    1602
    1561
    1574
    1642
    1631
    1536
    1553
    1587
    1590
    1689
    1632
    1622
    1562
    1611
    1647
    1515
    1653
    1614
    1699
    1682
    1677
    1689
    1686
    1736
    1630
    1706
    1573
    1682
    1706
    1705
    1770
    1789
    1715
    1776
    1679
    1792
    1770
    1755
    1822
    1757
    1797
    1886
    1847
    1907
    1773
    1775
    1848
    1974
    1823
    1933
    1880
    1925
    1922
    1912
    1958
    1959
    1946
    2030
    2035
    1988
    1996
    2053
    1981
    2053
    2023
    2043
    2010
    2032
    1978
    1975
    2021
    2095
    2071
    2026
    2063
    2015
    1982
    2000
    2042
    1983
    2008
    2049
    1973
    2054
    2032
    2035
    1979
    1944
    1968
    2036
    1970
    1977
    1961
    1856
    1940
    2035
    1964
    1843
    1945
    1941
    1952
    1914
    1988
    2000
    1977
    1831
    1948
    1895
    1898
    1878
    1858
    1866
    1888
    1826
    1924
    1844
    1782
    1788
    1950
    1899
    1812
    1786
    1831
    1794
    1801
    1882
    1822
    1791
    1794
    1782
    1760
    1714
    1829
    1765
    1775
    1785
    1760
    1790
    1819
    1728
    1732
    1826
    1797
    1754
    1825
    1739
    1807
    1743
    1772
    1811
    1744
    1701
    1760
    1829
    1681
    1735
    1731
    1755
    1756
    1759
    1704
    1729
    1739
    1753
    1671
    1769
    1747
    1682
    1787
    1778
    1736
    1737
    1803
    1818
    1727
    1776
    1706
    1686
    1765
    1792
    1712
    1677
    1720
    1692
    1719
    1735
    1688
    1710
    1753
    1666
    1676
    1712
    1789
    1718
    1751
    1747
    1778
    1673
    1655
    1668
    1702
    1643
    1719
    1677
    1741
    1630
    1670
    1692
    1644
    1680
    1660
    1721
    1641
    1700
    1634
    1701
    1622
    1657
    1700
    1642
    1604
    1599
    1606
    1592
    1611
    1630
    1638
    1667
    1612
    1627
    1658
    1650
    1581
    1600
    1691
    1595
    1654
    1648
    1593
    1583
    1620
    1591
    1615
    1616
    1558
    1601
    1628
    1568
    1488
    1475
    1590
    1678
    1589
    1619
    1559
    1541
    1563
    1555
    1549
    1597
    1543
    1581
    1628
    1470
    1527
    1561
    1539
    1542
    1570
    1602
    1553
    1516
    1573
    1557
    1511
    1506
    1545
    1563
    1545
    1591
    1520
    1503
    1552
    1545
    1495
    1557
    1524
    1557
    1534
    1611
    1480
    1495
    1510
    1475
    1553
    1478
    1527
    1476
    1503
    1495
    1467
    1462
    1459
    1505
    1484
    1427
    1464
    1492
    1381
    1431
    1526
    1515
    1397
    1411
    1429
    1506
    1526
    1539
    1517
    1427
    1393
    1469
    1425
    1360
    1475
    1471
    1486
    1530
    1437
    1444
    1516
    1424
    1412
    1427
    1452
    1450
    1386
    1442
    1466
    1424
    1471
    1393
    1415
    1391
    1487
    1443
    1469
    1326
    1465
    1445
    1403
    1400
    1433
    1455
    1429
    1380
    1426
    1478
    1387
    1513
    1441
    1449
    1432
    1439
    1466
    1454
    1380
    1427
    1430
    1391
    1381
    1411
    1398
    1446
    1385
    1379
    1350
    1433
    1378
    1435
    1416
    1378
    1480
    1379
    1409
    1459
    1355
    1422
    1464
    1365
    1444
    1376
    1368
    1367
    1364
    1417
    1358
    1432
    1374
    1388
    1386
    1386
    1353
    1366
    1386
    1366
    1348
    1368
    1450
    1405
    1355
    1403
    1385
    1289
    1331
    1379
    1390
    1298
    1348
    1352
    1406
    1328
    1361
    1308
    1308
    1314
    1291
    1359
    1402
    1367
    1338
    1352
    1354
    1279
    1255
    1294
    1318
    1287
    1263
    1293
    1282
    1289
    1285
    1266
    1318
    1231
    1255
    1247
    1277
    1261
    1307
    1298
    1238
    1298
    1279
    1304
    1252
    1169
    1235
    1216
    1260
    1196
    1191
    1140
    1202
    1218
    1138
    1200
    1141
    1171
    1118
    1149
    1109
    1128
    1208
    1113
    1103
    1129
    1085
    1117
    1128
    1138
    1071
    1096
    1052
    1068
    1032
    1068
    1080
    1020
    1019
    1042
    1033
     960
    1023
     992
     970
    1036
     978
     952
     941
     995
     934
     908
     990
     920
     944
     901
     933
     870
     925
     927
     930
     904
     875
     889
     915
     938
     849
     888
     857
     853
     829
     877
     851
     815
     795
     842
     821
     878
     862
     822
     810
     841
     824
     820
     806
     835
     771
     792
     783
     793
     754
     777
     748
     769
     768
     785
     811
     746
     748
     734
     727
     709
     722
     758
     747
     741
     768
     764
     796
     754
     749
     705
     724
     723
     748
     758
     727
     717
     726
     710
     738
     759
     712
     726
     689
     691
     701
     734
     643
     704
     643
     731
     688
     670
     707
     708
     675
     670
     679
     674
     661
     651
     744
     654
     698
     677
     676
     707
     636
     655
     713
     668
     704
     679
     622
     645
     647
     651
     598
     631
     640
     656
     661
     635
     643
     655
     630
     623
     647
     641
     642
     642
     612
     658
     648
     590
     584
     629
     580
     617
     618
     643
     611
     603
     579
     609
     624
     620
     660
     632
     624
     618
     617
     601
     597
     622
     599
     584
     634
     634
     601
     617
     585
     604
     646
     635
     544
     558
     601
     634
     617
     632
     578
     611
     596
     581
     562
     612
     577
     648
     586
     599
     558
     581
     583
     590
     606
     596
     582
     599
     610
     590
     586
     583
     578
     593
     550
     586
     566
     596
     617
     576
     578
     592
     555
     597
     592
     570
     530
     587
     564
     549
     569
     581
     563
     569
     558
     559
     598
     628
     585
     563
     617
     548
     617
     578
     584
     581
     585
     573
     596
     573
     543
     607
     555
     590
     561
     569
     599
     582
     594
     566
     570
     597
     513
     556
     575
     590
     540
     589
     579
     581
     619
     547
     572
     611
     565
     565
     581
     586
     636
     558
     591
     598
     615
     590
     548
     555
     533
     568
     562
     576
     595
     611
     618
     602
     595
     581
     595
     577
     596
     581
     556
     558
     625
     561
     596
     560
     589
     567
     596
     631
     603
     609
     616
     565
     605
     621
     658
     621
     624
     613
     612
     598
     637
     590
     586
     648
     582
     603
     615
     650
     632
     644
     627
     653
     657
     592
     591
     646
     628
     662
     619
     664
     707
     677
     634
     630
     691
     649
     687
     666
     687
     688
     692
     677
     745
     691
     709
     713
     711
     723
     752
     721
     739
     748
     805
     796
     729
     746
     840
     795
     873
     820
     863
     869
     848
     930
     886
     909
     957
     997
     963
     959
     987
    1000
    1068
    1002
    1073
    1095
    1076
    1116
    1115
    1116
    1188
    1275
    1250
    1255
    1293
    1339
    1350
    1348
    1421
    1430
    1527
    1528
    1586
    1586
    1618
    1714
    1696
    1781
    1724
    1787
    1839
    1922
    1857
    1967
    2025
    2059
    2146
    2184
    2237
    2211
    2303
    2278
    2397
    2374
    2446
    2569
    2577
    2618
    2678
    2730
    2867
    2772
    3010
    2912
    3001
    3056
    3186
    3171
    3208
    3268
    3400
    3366
    3452
    3515
    3544
    3623
    3710
    3757
    3913
    3911
    3956
    4063
    4016
    4208
    4195
    4305
    4257
    4346
    4332
    4476
    4555
    4438
    4550
    4683
    4659
    4841
    4930
    4975
    5065
    4897
    4988
    5084
    5039
    5156
    5202
    5296
    5462
    5303
    5533
    5427
    5584
    5533
    5513
    5658
    5623
    5609
    5618
    5555
    5594
    5731
    5850
    5806
    5711
    5867
    5811
    5861
    5847
    5890
    5661
    5972
    5788
    5898
    5690
    5777
    5832
    5721
    5761
    5648
    5685
    5561
    5533
    5538
    5591
    5531
    5445
    5423
    5431
    5380
    5293
    5362
    5239
    5221
    5147
    5028
    5113
    5077
    4833
    4962
    4827
    4641
    4630
    4527
    4615
    4429
    4440
    4429
    4341
    4238
    4022
    4014
    4026
    3899
    3893
    3838
    3719
    3631
    3531
    3461
    3398
    3400
    3182
    3274
    3168
    3141
    3072
    2914
    2774
    2784
    2710
    2722
    2603
    2466
    2452
    2350
    2346
    2210
    2204
    2044
    2063
    1953
    2001
    1959
    1811
    1771
    1756
    1738
    1626
    1552
    1488
    1469
    1441
    1337
    1371
    1294
    1260
    1242
    1217
    1112
    1102
    1098
    1007
    1002
     996
     900
     905
     847
     859
     795
     777
     769
     765
     767
     694
     728
     632
     642
     612
     584
     569
     567
     554
     526
     468
     486
     463
     490
     410
     433
     454
     403
     416
     416
     411
     395
     395
     345
     382
     359
     370
     344
     325
     330
     338
     317
     314
     312
     319
     317
     300
     302
     298
     301
     281
     309
     278
     273
     280
     279
     289
     274
     251
     260
     266
     280
     251
     276
     283
     297
     261
     267
     253
     282
     292
     274
     262
     262
     300
     260
     264
     237
     277
     236
     215
     263
     245
     281
     279
     261
     237
     253
     252
     260
     257
     254
     259
     248
     231
     247
     257
     222
     230
     278
     257
     254
     254
     243
     245
     242
     233
     252
     273
     235
     280
     232
     258
     262
     257
     234
     223
     250
     241
     252
     244
     258
     264
     211
     224
     233
     229
     253
     240
     255
     253
     249
     236
     256
     223
     239
     235
     251
     260
     233
     236
     245
     242
     221
     236
     249
     244
     233
     255
     231
     248
     256
     279
     240
     253
     248
     237
     219
     261
     257
     248
     230
     239
     233
     252
     226
     257
     262
     223
     232
     260
     216
     234
     250
     231
     257
     249
     227
     224
     236
     242
     245
     207
     213
     255
     237
     243
     227
     252
     279
     245
     230
     221
     240
     261
     219
     216
     234
     232
     228
     237
     229
     244
     209
     249
     233
     250
     269
     256
     222
     240
     207
     227
     209
     273
     225
     232
     228
     220
     249
     248
     220
     233
     244
     247
     252
     249
     243
     279
     228
     242
     256
     248
     234
     227
     239
     258
     261
     228
     234
     224
     245
     246
     255
     209
     247
     227
     231
     225
     260
     229
     223
     277
     255
     240
     226
     240
     236
     243
     243
     249
     242
     221
     238
     225
     264
     249
     250
     216
     225
     226
     247
     204
     252
     245
     223
     221
     220
     246
     224
     212
     228
     198
     224
     217
     219
     233
     249
     241
     232
     210
     225
     227
     211
     237
     238
     245
     221
     229
     234
     224
     235
     213
     242
     209
     219
     239
     239
     232
     206
     235
     263
     253
     225
     247
     205
     248
     231
     241
     244
     233
     241
     232
     218
     250
     224
     226
     241
     262
     228
     203
     213
     227
     238
     222
     246
     219
     236
     251
     221
     239
     235
     205
     243
     218
     264
     232
     223
     251
     233
     238
     237
     232
     255
     226
     247
     226
     247
     236
     217
     240
     243
     248
     250
     234
     236
     253
     199
     256
     256
     209
     253
     217
     245
     213
     233
     266
     226
     237
     213
     237
     242
     246
     217
     234
     241
     221
     218
     251
     231
     229
     237
     242
     228
     202
     231
     234
     239
     244
     223
     232
     236
     238
     234
     244
     230
     225
     243
     249
     237
     227
     231
     219
     225
     231
     186
     215
     224
     249
     236
     236
     219
     243
     218
     239
     219
     206
     204
     218
     215
     225
     216
     238
     239
     219
     228
     217
     233
     240
     239
     248
     233
     219
     216
     243
     202
     208
     214
     231
     247
     247
     223
     212
     215
     236
     211
     247
     205
     248
     219
     211
     220
     206
     190
     215
     220
     208
     218
     229
     239
     213
     241
     192
     235
     219
     221
     235
     230
     184
     253
     213
     219
     221
     245
     217
     251
     209
     218
     224
     224
     201
     238
     231
     219
     221
     244
     230
     230
     239
     215
     199
     230
     207
     208
     212
     216
     221
     206
       0
       0
       0
       0
       0
       0
       0
       0
       0
       0
       0
       0
       0
       0
       0
       0
       0
       0
       0
       0
       0
       0
       0
       0
       0
       0
       0
       0
       0
       0
       0
       0
$ROI:
0
$PRESETS:
None
0
0
$ENER_FIT:
0.000000 0.421939
$MCA_CAL:
3
0.000000E+000 4.219387E-001 0.000000E+000 keV
$SHAPE_CAL:
3
0.000000E+000 0.000000E+000 0.000000E+000
