$SPEC_ID:
Recoil
$SPEC_REM:
DET# 3
DETDESC# JLAB-11 MCB 134
AP# Maestro Version 7.01
$DATE_MEA:
03/04/2025 14:24:04
$MEAS_TIM:
315 399
$DATA:
0 2047
       0
       0
       0
       0
       0
      11
      58
     493
  876251
  122799
  140864
   93810
   73056
   56804
   43202
   32943
   24576
   18686
   14018
   10326
    8024
    6155
    4871
    3781
    3216
    2620
    2235
    1961
    1838
    1711
    1718
    1614
    1575
    1543
    1481
    1402
    1529
    1416
    1415
    1329
    1481
    1391
    1427
    1455
    1380
    1394
    1406
    1496
    1392
    1428
    1425
    1451
    1450
    1491
    1353
    1375
    1474
    1454
    1497
    1455
    1574
    1496
    1490
    1511
    1542
    1514
    1477
    1519
    1545
    1463
    1480
    1485
    1453
    1527
    1552
    1541
    1564
    1497
    1630
    1523
    1516
    1580
    1583
    1579
    1517
    1488
    1573
    1542
    1570
    1625
    1638
    1544
    1505
    1575
    1590
    1625
    1583
    1606
    1498
    1605
    1590
    1586
    1504
    1605
    1592
    1621
    1541
    1517
    1604
    1556
    1544
    1562
    1583
    1495
    1591
    1581
    1532
    1551
    1526
    1537
    1536
    1533
    1581
    1563
    1561
    1548
    1482
    1510
    1609
    1617
    1584
    1644
    1545
    1549
    1574
    1492
    1571
    1608
    1637
    1581
    1593
    1576
    1579
    1571
    1595
    1577
    1547
    1651
    1579
    1604
    1648
    1551
    1645
    1621
    1529
    1553
    1610
    1579
    1596
    1596
    1741
    1553
    1587
    1633
    1587
    1615
    1598
    1648
    1670
    1637
    1681
    1694
    1568
    1646
    1583
    1647
    1580
    1634
    1621
    1556
    1710
    1739
    1637
    1618
    1673
    1613
    1690
    1646
    1686
    1645
    1670
    1649
    1661
    1689
    1702
    1721
    1670
    1815
    1678
    1690
    1727
    1720
    1671
    1780
    1663
    1701
    1827
    1686
    1784
    1727
    1729
    1750
    1763
    1794
    1823
    1714
    1814
    1782
    1724
    1714
    1766
    1777
    1840
    1767
    1784
    1726
    1803
    1793
    1798
    1708
    1866
    1721
    1845
    1815
    1774
    1864
    1772
    1831
    1797
    1792
    1818
    1798
    1842
    1818
    1847
    1929
    1848
    1951
    1823
    1771
    1940
    1806
    1788
    1820
    1869
    1848
    1923
    1766
    1851
    1799
    1894
    1862
    1945
    1843
    1890
    1906
    1866
    1896
    1881
    1916
    1908
    1926
    1891
    1920
    1806
    2016
    1920
    1855
    1816
    1905
    1897
    1855
    1937
    1908
    1947
    1938
    1922
    1931
    2016
    1928
    1952
    2001
    1903
    1954
    2027
    2007
    1992
    2013
    2042
    1973
    2079
    1971
    2003
    2006
    2062
    2026
    1986
    2033
    2090
    1963
    1965
    2032
    1986
    2149
    1983
    2045
    2054
    2107
    2158
    2073
    2019
    2089
    2061
    2076
    2155
    2153
    2115
    2137
    2160
    2107
    2197
    2147
    2114
    2140
    2209
    2083
    2120
    2096
    2136
    2148
    2150
    2156
    2117
    2135
    2195
    2196
    2135
    2166
    2145
    2220
    2212
    2251
    2239
    2127
    2126
    2170
    2297
    2213
    2175
    2089
    2141
    2143
    2279
    2147
    2248
    2261
    2172
    2258
    2270
    2159
    2110
    2188
    2146
    2248
    2201
    2331
    2186
    2233
    2181
    2256
    2197
    2229
    2184
    2149
    2198
    2170
    2267
    2299
    2288
    2189
    2327
    2285
    2240
    2202
    2264
    2261
    2225
    2308
    2248
    2306
    2200
    2293
    2283
    2228
    2222
    2290
    2341
    2237
    2304
    2350
    2162
    2266
    2278
    2355
    2264
    2203
    2305
    2288
    2264
    2223
    2262
    2296
    2270
    2215
    2329
    2371
    2370
    2311
    2261
    2276
    2233
    2321
    2268
    2340
    2361
    2327
    2344
    2279
    2364
    2335
    2285
    2354
    2317
    2370
    2399
    2396
    2360
    2355
    2392
    2333
    2446
    2464
    2412
    2459
    2357
    2578
    2411
    2475
    2480
    2411
    2510
    2527
    2536
    2520
    2697
    2480
    2677
    2626
    2573
    2628
    2609
    2596
    2605
    2602
    2693
    2701
    2647
    2752
    2636
    2722
    2665
    2763
    2818
    2690
    2850
    2734
    2803
    2882
    2916
    2894
    2869
    2828
    2869
    2902
    2808
    2909
    2829
    2964
    2960
    2896
    2877
    2989
    2906
    2962
    2944
    2952
    2836
    2897
    2867
    2998
    2959
    2918
    2874
    2990
    2991
    2946
    2849
    2990
    2852
    2866
    2845
    2913
    2853
    2954
    2859
    2922
    2977
    2971
    2779
    2916
    2775
    2959
    2878
    2825
    2778
    2760
    2759
    2825
    2834
    2790
    2946
    2750
    2713
    2729
    2619
    2810
    2796
    2743
    2669
    2728
    2739
    2680
    2790
    2723
    2841
    2734
    2752
    2799
    2737
    2658
    2739
    2686
    2603
    2722
    2645
    2560
    2692
    2592
    2616
    2638
    2581
    2791
    2614
    2658
    2753
    2599
    2733
    2592
    2762
    2506
    2627
    2562
    2640
    2570
    2618
    2572
    2595
    2660
    2592
    2496
    2556
    2558
    2605
    2642
    2555
    2594
    2640
    2533
    2606
    2552
    2607
    2613
    2613
    2513
    2538
    2595
    2566
    2588
    2506
    2518
    2465
    2543
    2479
    2462
    2545
    2500
    2429
    2440
    2483
    2468
    2534
    2503
    2481
    2492
    2480
    2502
    2482
    2525
    2481
    2486
    2466
    2537
    2511
    2454
    2471
    2461
    2472
    2419
    2416
    2440
    2437
    2433
    2398
    2401
    2397
    2432
    2445
    2431
    2434
    2385
    2371
    2397
    2385
    2415
    2366
    2262
    2306
    2396
    2310
    2313
    2376
    2246
    2279
    2302
    2367
    2235
    2310
    2297
    2244
    2301
    2290
    2217
    2380
    2313
    2323
    2377
    2277
    2231
    2331
    2231
    2181
    2217
    2240
    2105
    2253
    2173
    2270
    2266
    2214
    2223
    2253
    2218
    2163
    2188
    2092
    2215
    2251
    2184
    2196
    2161
    2224
    2139
    2229
    2203
    2174
    2172
    2259
    2157
    2158
    2162
    2155
    2107
    2113
    2135
    2147
    2163
    2147
    2122
    2181
    2080
    2084
    2088
    2098
    2097
    2116
    2152
    2133
    2081
    2033
    2068
    2010
    2063
    2075
    2018
    2111
    2026
    2063
    2120
    2141
    2047
    2037
    2047
    1954
    2107
    2038
    2073
    2041
    2051
    2061
    1995
    2009
    2158
    2034
    1913
    2069
    2049
    2093
    2095
    2050
    2088
    2000
    2020
    2048
    2022
    1976
    2058
    2080
    1935
    2101
    2087
    1988
    1989
    1857
    2019
    2004
    1978
    1975
    1911
    1970
    2089
    2020
    1923
    1975
    1912
    1987
    1925
    1859
    1967
    2008
    1929
    1928
    1925
    1983
    2038
    1994
    1897
    1945
    1927
    1926
    1885
    1950
    1974
    1961
    1925
    1909
    1917
    1894
    1939
    1820
    1904
    1958
    1888
    1870
    1904
    1865
    1919
    1889
    1833
    1902
    1831
    1893
    1960
    1863
    1905
    1808
    1805
    1814
    1813
    1959
    1863
    1795
    1835
    1843
    1750
    1790
    1847
    1775
    1822
    1856
    1891
    1812
    1856
    1728
    1809
    1804
    1749
    1814
    1774
    1778
    1781
    1769
    1796
    1695
    1794
    1762
    1724
    1812
    1773
    1720
    1690
    1683
    1707
    1712
    1632
    1713
    1726
    1637
    1553
    1671
    1632
    1606
    1633
    1595
    1587
    1609
    1581
    1551
    1607
    1648
    1596
    1541
    1464
    1509
    1544
    1515
    1441
    1484
    1492
    1423
    1452
    1519
    1452
    1403
    1450
    1429
    1369
    1417
    1399
    1372
    1397
    1312
    1366
    1401
    1351
    1435
    1341
    1380
    1360
    1336
    1344
    1331
    1313
    1246
    1249
    1331
    1250
    1278
    1232
    1258
    1246
    1238
    1224
    1289
    1252
    1236
    1219
    1278
    1256
    1158
    1179
    1159
    1164
    1168
    1186
    1159
    1137
    1138
    1131
    1182
    1140
    1170
    1117
    1108
    1143
    1193
    1144
    1111
    1117
    1142
    1096
    1113
    1094
    1125
    1082
    1134
    1047
    1040
    1080
    1130
    1109
    1069
    1064
    1013
    1084
    1059
    1035
    1033
    1062
    1070
    1064
    1042
    1026
    1009
    1054
     969
     990
    1042
    1087
    1090
     980
    1002
    1024
    1014
     987
    1019
    1012
     991
    1001
     959
     966
    1033
    1002
     913
     965
     990
    1008
     991
    1009
     989
    1002
     998
    1006
     942
    1068
     989
    1001
     930
    1003
     909
     972
     920
     955
     949
     976
     909
     974
     938
     940
     943
     949
     928
     892
     970
     968
     940
     935
     888
     894
     940
     889
     946
     971
     915
     920
     905
     951
     930
     952
     907
     988
     990
     927
     898
     895
     949
     969
     953
     971
     951
     954
     951
     960
     942
     908
     920
     932
     941
     935
     864
     914
     932
     888
     896
     940
     876
     914
     875
     953
     917
     914
     889
     899
     933
     924
     928
     923
     887
     885
     975
     903
     930
     861
     900
     894
     908
     886
     904
     950
     869
     902
     934
     940
     905
     902
     892
     897
     867
    1001
     898
     868
     949
     877
     917
     887
     889
     864
     940
     861
     901
     924
     903
     930
     850
     910
     901
     894
     877
     915
     903
     957
     895
     903
     926
     916
     915
     890
     927
     865
     900
     912
     958
     939
     876
     912
     914
     844
     937
     924
     939
     919
     967
     924
     910
     940
     940
     928
     888
     958
     938
     959
     972
     930
     960
     966
     995
     929
     966
     934
     959
     951
    1033
     969
     959
     964
     988
     963
     908
     969
     977
     968
    1013
     943
     939
    1036
     979
     946
     952
     960
     960
     990
    1001
     986
    1002
    1021
     973
     994
     993
    1006
    1054
    1042
     994
    1001
    1002
    1067
    1076
    1065
    1121
    1066
    1045
    1100
    1046
    1051
    1018
    1069
    1112
    1066
    1097
    1218
    1133
    1168
    1144
    1090
    1176
    1156
    1263
    1106
    1198
    1218
    1244
    1272
    1252
    1228
    1270
    1278
    1313
    1311
    1340
    1325
    1399
    1368
    1430
    1472
    1380
    1379
    1471
    1443
    1524
    1493
    1515
    1524
    1553
    1709
    1598
    1643
    1712
    1760
    1716
    1755
    1813
    1847
    1854
    1943
    1962
    1969
    2004
    1926
    2061
    2139
    2158
    2263
    2269
    2226
    2339
    2348
    2423
    2441
    2477
    2516
    2595
    2632
    2764
    2817
    2808
    2963
    2912
    2983
    3087
    2949
    3104
    3186
    3319
    3279
    3467
    3494
    3501
    3569
    3558
    3692
    3720
    3763
    3865
    3963
    3937
    4102
    4162
    4259
    4396
    4341
    4437
    4463
    4438
    4640
    4779
    4725
    4777
    4947
    5081
    5137
    5153
    5296
    5221
    5348
    5492
    5500
    5491
    5606
    5673
    5672
    5813
    5895
    5888
    6183
    6202
    6149
    6288
    6416
    6222
    6303
    6450
    6380
    6538
    6585
    6543
    6778
    6645
    6736
    6859
    6784
    6972
    6850
    6990
    7011
    6981
    6977
    6961
    7050
    7097
    6930
    6968
    6973
    7071
    7114
    7013
    6974
    6972
    6944
    7068
    7065
    6964
    6987
    6960
    6957
    6908
    6683
    6829
    6813
    6561
    6713
    6644
    6642
    6504
    6498
    6427
    6522
    6283
    6267
    6135
    6067
    6059
    6087
    5802
    5806
    5646
    5678
    5521
    5563
    5430
    5353
    5279
    5316
    5096
    4976
    4926
    4824
    4862
    4574
    4668
    4651
    4365
    4393
    4307
    4103
    3929
    4051
    3976
    3776
    3736
    3585
    3538
    3476
    3478
    3311
    3195
    3163
    3020
    2922
    2909
    2922
    2729
    2627
    2549
    2593
    2399
    2364
    2307
    2232
    2220
    2078
    2050
    2009
    1915
    1859
    1842
    1689
    1639
    1682
    1624
    1574
    1546
    1471
    1376
    1370
    1325
    1369
    1266
    1173
    1189
    1195
    1122
    1062
    1050
    1044
     975
     975
     939
     910
     853
     825
     824
     806
     840
     768
     742
     668
     739
     740
     668
     671
     638
     641
     617
     627
     621
     564
     587
     569
     523
     494
     594
     523
     514
     494
     470
     472
     504
     497
     478
     454
     485
     435
     498
     479
     471
     395
     450
     425
     426
     410
     398
     427
     385
     394
     428
     420
     416
     401
     396
     424
     391
     378
     374
     393
     409
     421
     429
     419
     381
     416
     411
     410
     395
     361
     404
     390
     392
     426
     365
     387
     369
     379
     400
     381
     377
     384
     426
     383
     376
     354
     386
     379
     365
     394
     372
     392
     359
     379
     377
     405
     376
     390
     337
     414
     372
     379
     402
     432
     392
     413
     384
     385
     392
     385
     406
     361
     407
     379
     405
     373
     377
     341
     408
     416
     395
     421
     386
     428
     335
     417
     408
     378
     362
     372
     412
     406
     375
     378
     416
     361
     402
     409
     375
     429
     421
     375
     381
     425
     392
     390
     425
     408
     402
     406
     402
     419
     390
     388
     384
     415
     435
     397
     418
     425
     394
     422
     485
     438
     448
     393
     444
     455
     433
     413
     447
     419
     453
     434
     455
     427
     451
     440
     477
     444
     425
     464
     464
     457
     467
     476
     429
     458
     440
     477
     471
     493
     450
     465
     489
     448
     435
     487
     449
     492
     476
     499
     478
     497
     492
     441
     514
     524
     494
     499
     532
     493
     514
     521
     568
     539
     517
     493
     498
     519
     495
     527
     553
     587
     526
     556
     539
     551
     521
     579
     567
     526
     546
     531
     582
     576
     559
     552
     543
     589
     589
     613
     569
     541
     558
     581
     551
     588
     580
     601
     581
     558
     618
     594
     557
     567
     548
     617
     595
     597
     560
     601
     580
     610
     635
     568
     622
     592
     565
     596
     617
     573
     574
     564
     566
     559
     554
     580
     597
     574
     583
     589
     544
     576
     525
     599
     548
     566
     576
     591
     535
     542
     520
     550
     557
     548
     523
     567
     565
     555
     546
     508
     564
     506
     543
     536
     552
     510
     507
     539
     475
     549
     523
     487
     457
     514
     510
     481
     512
     506
     487
     508
     494
     495
     488
     489
     487
     486
     454
     449
     447
     475
     494
     464
     460
     462
     438
     431
     440
     436
     507
     431
     434
     424
     408
     451
     402
     416
     417
     446
     386
     436
     392
     427
     429
     430
     400
     393
     369
     357
     370
     386
     380
     343
     443
     407
     386
     352
     417
     399
     393
     382
     354
     373
     338
     366
     382
     366
     339
     360
     390
     368
     355
     352
     315
     359
     371
     381
     354
     362
     371
     368
     374
     338
     381
     366
     339
     321
     386
     359
     323
     350
     355
     332
     334
     355
     328
     331
     327
     322
     334
     362
     339
     330
     358
     315
     327
     356
     327
     336
     313
     379
     332
     297
     354
     311
     336
     350
     320
     311
     359
     320
     354
     358
     354
     319
     291
     305
     344
     316
     326
     345
     299
     351
     338
     303
     306
     343
     319
     322
     326
     323
     318
     319
     348
     311
     337
     329
     310
     318
     324
     343
     343
     311
     333
     343
     306
     335
     335
     329
     303
     323
     306
     331
     363
     332
     290
     337
     331
     331
     305
     346
     312
     336
     325
     304
     325
     329
     287
     314
     331
     315
     338
     306
     289
     339
     335
     327
     337
     335
     321
     340
     355
     300
     341
     302
     313
     306
     309
     327
     350
     339
     305
     342
     319
     312
     316
     340
     308
     329
     315
     301
     334
     305
     324
     329
     282
     313
     318
     308
     313
     304
     324
     325
     345
     322
     321
     310
     332
     361
     291
     306
     323
     289
     310
     324
     310
     307
     302
     323
     336
     333
     328
     315
     341
     353
     323
     355
     305
     326
     315
     332
     317
     321
       0
       0
       0
       0
       0
       0
       0
       0
       0
       0
       0
       0
       0
       0
       0
       0
       0
       0
       0
       0
       0
       0
       0
       0
       0
       0
       0
       0
       0
       0
       0
       0
$ROI:
0
$PRESETS:
None
0
0
$ENER_FIT:
0.000000 0.722271
$MCA_CAL:
3
0.000000E+000 7.222707E-001 0.000000E+000 keV
$SHAPE_CAL:
3
0.000000E+000 0.000000E+000 0.000000E+000
