$SPEC_ID:
Scatter
$SPEC_REM:
DET# 2
DETDESC# JLAB-11 MCB 133
AP# Maestro Version 7.01
$DATE_MEA:
03/04/2025 14:24:03
$MEAS_TIM:
279 399
$DATA:
0 2047
       0
       0
       4
      13
      28
      98
    7364
 2136835
  396329
  464039
  325733
  258778
  206735
  160089
  122236
   92411
   70109
   52682
   39767
   29944
   22715
   17244
   13192
   10318
    7969
    6354
    5154
    4219
    3788
    3208
    2873
    2725
    2450
    2367
    2174
    2284
    2125
    2129
    2051
    2041
    1902
    1947
    1871
    1913
    1913
    1967
    1884
    1848
    1870
    1837
    1910
    1846
    1748
    1695
    1732
    1818
    1718
    1708
    1652
    1654
    1608
    1586
    1654
    1639
    1604
    1650
    1589
    1526
    1588
    1564
    1569
    1582
    1516
    1490
    1556
    1516
    1575
    1532
    1573
    1529
    1496
    1543
    1530
    1528
    1547
    1553
    1573
    1613
    1520
    1555
    1558
    1594
    1579
    1588
    1606
    1616
    1601
    1571
    1553
    1584
    1542
    1575
    1565
    1583
    1597
    1636
    1598
    1603
    1516
    1555
    1603
    1576
    1611
    1512
    1555
    1670
    1581
    1599
    1561
    1567
    1515
    1559
    1640
    1649
    1540
    1611
    1589
    1520
    1601
    1476
    1524
    1542
    1519
    1514
    1488
    1472
    1528
    1548
    1519
    1496
    1507
    1485
    1431
    1519
    1557
    1483
    1483
    1465
    1365
    1457
    1429
    1443
    1427
    1447
    1427
    1436
    1479
    1428
    1416
    1416
    1488
    1462
    1420
    1445
    1444
    1444
    1450
    1421
    1414
    1408
    1401
    1385
    1459
    1463
    1426
    1498
    1443
    1458
    1570
    1432
    1447
    1455
    1454
    1448
    1499
    1481
    1513
    1479
    1482
    1475
    1421
    1494
    1474
    1557
    1485
    1507
    1522
    1518
    1509
    1470
    1493
    1573
    1559
    1552
    1552
    1533
    1566
    1591
    1650
    1543
    1697
    1550
    1636
    1482
    1546
    1627
    1579
    1556
    1599
    1514
    1584
    1618
    1609
    1611
    1691
    1596
    1517
    1549
    1593
    1594
    1565
    1592
    1556
    1622
    1557
    1548
    1483
    1646
    1532
    1593
    1597
    1568
    1572
    1524
    1590
    1550
    1565
    1603
    1611
    1610
    1538
    1586
    1606
    1604
    1607
    1620
    1656
    1662
    1657
    1714
    1675
    1631
    1648
    1548
    1595
    1648
    1615
    1590
    1617
    1610
    1587
    1595
    1645
    1726
    1768
    1641
    1574
    1665
    1635
    1685
    1686
    1657
    1675
    1700
    1625
    1665
    1676
    1715
    1665
    1659
    1688
    1670
    1623
    1645
    1672
    1689
    1738
    1711
    1712
    1679
    1666
    1698
    1607
    1637
    1739
    1631
    1732
    1754
    1730
    1781
    1760
    1696
    1782
    1721
    1754
    1791
    1783
    1794
    1777
    1778
    1752
    1725
    1750
    1823
    1775
    1815
    1784
    1694
    1766
    1833
    1816
    1857
    1764
    1845
    1756
    1694
    1811
    1785
    1837
    1745
    1807
    1843
    1832
    1923
    1824
    1821
    1868
    1813
    1802
    1866
    1869
    1814
    1796
    1751
    1803
    1816
    1820
    1855
    1844
    1796
    1774
    1780
    1855
    1851
    1844
    1844
    1912
    1804
    1839
    1875
    1946
    1777
    1803
    1913
    1831
    1860
    1903
    1898
    1892
    1846
    1937
    1831
    1880
    1817
    1821
    1936
    1871
    1879
    1869
    1840
    1805
    1899
    1927
    1902
    1910
    1846
    1904
    1907
    1936
    1964
    1928
    1883
    1884
    1853
    1907
    1928
    1952
    1872
    1920
    1906
    1838
    1939
    1837
    1980
    1869
    1887
    1948
    1956
    1897
    1953
    1913
    1874
    1899
    1853
    1929
    1951
    2020
    1950
    1945
    1963
    2048
    1948
    1961
    1978
    1928
    2039
    1945
    2139
    2077
    2142
    2084
    2015
    2097
    2054
    2129
    2131
    2127
    2119
    2235
    2178
    2208
    2097
    2261
    2251
    2178
    2247
    2276
    2242
    2318
    2290
    2311
    2247
    2357
    2368
    2299
    2317
    2386
    2352
    2439
    2402
    2403
    2443
    2484
    2455
    2485
    2405
    2379
    2485
    2442
    2376
    2421
    2433
    2432
    2491
    2383
    2559
    2381
    2303
    2342
    2492
    2467
    2476
    2404
    2375
    2357
    2414
    2407
    2411
    2432
    2355
    2419
    2343
    2286
    2400
    2375
    2310
    2373
    2351
    2285
    2352
    2249
    2266
    2398
    2326
    2304
    2347
    2296
    2235
    2272
    2320
    2276
    2318
    2270
    2251
    2276
    2208
    2222
    2217
    2221
    2242
    2167
    2210
    2151
    2294
    2214
    2194
    2184
    2145
    2206
    2233
    2168
    2105
    2270
    2222
    2177
    2215
    2036
    2183
    2121
    2158
    2167
    2215
    2135
    2147
    2183
    2082
    2111
    2321
    2182
    2123
    2056
    2128
    2131
    2208
    2073
    2187
    2170
    2193
    2143
    2085
    2221
    2108
    2168
    2078
    2140
    2087
    2145
    2181
    2063
    2178
    2060
    2089
    2163
    2118
    2169
    2163
    2109
    2138
    2125
    2124
    2134
    2123
    2131
    2011
    2046
    2187
    2112
    2061
    2059
    2098
    2086
    2078
    2115
    1981
    2031
    2084
    2066
    2040
    2031
    2024
    2121
    2054
    1975
    1947
    2013
    2068
    1989
    1962
    2038
    2065
    2103
    2033
    2022
    1954
    1998
    2009
    1996
    1966
    1949
    2073
    1897
    2021
    1951
    2063
    2011
    1952
    2020
    2046
    1954
    1947
    1906
    1997
    1967
    1973
    2060
    1892
    1942
    1985
    1874
    1913
    1948
    1894
    1959
    1961
    1946
    1926
    1965
    1935
    1894
    1943
    1956
    1934
    1948
    1937
    1934
    1885
    1829
    1897
    1927
    1880
    1864
    1893
    1858
    1853
    1885
    1814
    1943
    1841
    1807
    1909
    1774
    1843
    1918
    1790
    1837
    1799
    1876
    1935
    1791
    1813
    1842
    1832
    1874
    1821
    1822
    1816
    1796
    1796
    1823
    1761
    1846
    1860
    1787
    1899
    1875
    1708
    1803
    1748
    1710
    1865
    1754
    1746
    1720
    1813
    1799
    1772
    1717
    1767
    1782
    1797
    1801
    1825
    1831
    1811
    1745
    1799
    1791
    1760
    1770
    1783
    1772
    1701
    1804
    1688
    1735
    1756
    1693
    1777
    1772
    1763
    1754
    1684
    1714
    1740
    1710
    1770
    1746
    1704
    1723
    1737
    1764
    1716
    1669
    1749
    1748
    1738
    1707
    1728
    1659
    1730
    1755
    1722
    1703
    1753
    1747
    1769
    1643
    1790
    1728
    1799
    1747
    1634
    1684
    1696
    1710
    1715
    1713
    1648
    1679
    1768
    1710
    1646
    1677
    1730
    1683
    1738
    1667
    1735
    1715
    1652
    1668
    1624
    1677
    1686
    1765
    1684
    1708
    1706
    1654
    1778
    1697
    1715
    1632
    1591
    1665
    1695
    1682
    1626
    1693
    1578
    1607
    1616
    1651
    1622
    1661
    1655
    1600
    1604
    1628
    1578
    1600
    1563
    1494
    1592
    1648
    1622
    1656
    1559
    1611
    1580
    1597
    1606
    1471
    1524
    1502
    1525
    1540
    1545
    1534
    1461
    1484
    1524
    1533
    1469
    1421
    1475
    1502
    1417
    1485
    1518
    1468
    1478
    1448
    1409
    1394
    1362
    1392
    1388
    1438
    1379
    1335
    1357
    1338
    1346
    1299
    1375
    1342
    1336
    1258
    1318
    1315
    1300
    1306
    1297
    1239
    1258
    1260
    1218
    1183
    1252
    1303
    1247
    1230
    1196
    1230
    1212
    1207
    1222
    1148
    1197
    1128
    1146
    1151
    1139
    1122
    1077
    1023
    1137
    1111
    1100
    1105
    1095
    1025
    1140
    1125
    1099
    1046
    1103
    1015
    1044
    1072
    1107
    1032
    1064
     993
    1046
    1047
    1021
    1003
    1055
     998
    1032
     991
    1002
     993
    1016
    1005
    1008
     940
     991
     934
     981
     961
     960
     965
     920
     920
     927
    1000
     946
     930
     963
     994
     931
     962
     870
     928
     928
     945
     898
     869
     878
     959
     863
     851
     900
     856
     885
     938
     906
     930
     899
     891
     919
     901
     935
     900
     887
     934
     847
     902
     848
     868
     873
     864
     897
     793
     855
     924
     884
     879
     880
     849
     796
     880
     810
     843
     889
     884
     870
     848
     804
     847
     884
     862
     820
     823
     878
     818
     809
     847
     829
     850
     805
     828
     846
     848
     835
     811
     830
     873
     850
     810
     799
     804
     793
     831
     786
     784
     819
     787
     812
     785
     811
     824
     838
     820
     793
     835
     803
     796
     839
     806
     735
     839
     818
     825
     767
     755
     815
     811
     832
     773
     756
     778
     755
     799
     810
     802
     778
     829
     788
     791
     794
     770
     806
     812
     769
     821
     762
     783
     844
     801
     792
     768
     845
     785
     768
     750
     792
     765
     774
     834
     835
     795
     789
     779
     753
     840
     806
     823
     828
     785
     823
     830
     787
     808
     825
     787
     789
     779
     797
     754
     785
     816
     780
     790
     818
     804
     786
     790
     749
     786
     774
     813
     785
     802
     828
     790
     838
     807
     772
     790
     774
     806
     839
     758
     749
     802
     800
     747
     828
     799
     845
     792
     774
     817
     860
     820
     836
     827
     758
     825
     806
     800
     789
     786
     789
     809
     859
     854
     784
     816
     826
     807
     815
     779
     830
     856
     862
     790
     854
     851
     845
     868
     880
     815
     807
     841
     828
     852
     825
     884
     833
     830
     863
     806
     866
     852
     915
     882
     882
     909
     883
     865
     862
     932
     888
     849
     912
     890
     893
     951
     935
     908
     927
     947
     912
     980
     960
     994
     968
     983
     993
     984
     983
    1033
    1038
    1040
    1066
    1042
    1059
    1105
    1066
    1128
    1093
    1186
    1163
    1076
    1201
    1211
    1173
    1224
    1253
    1210
    1279
    1321
    1379
    1296
    1388
    1405
    1450
    1411
    1517
    1566
    1530
    1531
    1614
    1602
    1699
    1679
    1747
    1809
    1828
    1819
    1849
    1871
    1958
    2050
    2096
    2153
    2103
    2235
    2166
    2328
    2330
    2382
    2423
    2604
    2521
    2677
    2727
    2753
    2722
    2828
    2925
    2991
    3080
    3038
    3167
    3220
    3277
    3318
    3416
    3451
    3608
    3694
    3694
    3778
    3775
    3889
    3793
    4002
    4030
    4174
    4249
    4361
    4319
    4366
    4650
    4546
    4600
    4665
    4882
    4821
    5044
    5075
    5108
    5109
    5242
    5319
    5316
    5308
    5414
    5484
    5723
    5615
    5728
    5608
    5906
    5869
    5998
    6010
    5999
    6247
    6162
    6155
    6445
    6436
    6396
    6460
    6392
    6386
    6348
    6603
    6633
    6530
    6698
    6607
    6719
    6877
    6586
    6598
    6825
    6761
    6714
    6724
    6949
    6766
    6821
    6805
    6630
    6706
    6700
    6553
    6524
    6497
    6569
    6554
    6431
    6455
    6442
    6271
    6016
    6202
    6007
    6184
    6302
    5948
    5875
    5895
    5805
    5785
    5599
    5803
    5526
    5554
    5251
    5271
    5138
    5071
    5091
    5049
    4871
    4777
    4847
    4653
    4504
    4567
    4480
    4357
    4222
    4139
    4042
    3981
    3900
    3850
    3684
    3657
    3557
    3532
    3370
    3252
    3176
    3137
    3104
    2948
    2902
    2848
    2741
    2673
    2708
    2613
    2515
    2404
    2374
    2360
    2222
    2124
    2126
    1997
    1917
    1949
    1787
    1766
    1752
    1761
    1663
    1653
    1557
    1497
    1536
    1412
    1400
    1332
    1308
    1241
    1296
    1240
    1155
    1194
    1128
    1121
    1068
    1001
    1028
     940
     933
     936
     903
     896
     887
     885
     869
     805
     788
     784
     753
     769
     696
     748
     732
     674
     699
     650
     677
     677
     629
     659
     634
     602
     604
     636
     627
     599
     620
     539
     632
     546
     568
     556
     539
     586
     614
     540
     495
     563
     571
     545
     550
     541
     540
     543
     556
     523
     519
     469
     485
     512
     500
     520
     494
     500
     497
     508
     493
     498
     534
     522
     471
     487
     466
     488
     499
     501
     513
     476
     498
     456
     445
     465
     437
     465
     466
     474
     493
     450
     438
     467
     461
     469
     450
     467
     441
     459
     445
     431
     436
     400
     425
     483
     433
     429
     420
     421
     401
     446
     390
     438
     420
     425
     430
     442
     374
     390
     400
     405
     407
     399
     443
     423
     381
     384
     410
     416
     406
     403
     408
     376
     384
     409
     411
     404
     403
     368
     402
     394
     386
     395
     378
     423
     432
     396
     378
     370
     364
     385
     396
     388
     413
     381
     380
     387
     386
     296
     395
     426
     378
     385
     403
     370
     363
     384
     362
     390
     354
     390
     378
     394
     331
     370
     353
     393
     354
     381
     392
     334
     409
     346
     386
     392
     386
     367
     353
     365
     373
     332
     357
     347
     331
     359
     375
     352
     367
     380
     369
     398
     367
     387
     323
     348
     362
     374
     335
     362
     373
     396
     346
     377
     359
     377
     350
     360
     367
     367
     348
     336
     370
     359
     338
     342
     349
     350
     377
     348
     323
     403
     390
     350
     337
     398
     350
     341
     341
     333
     368
     374
     369
     339
     365
     345
     338
     336
     380
     329
     327
     351
     326
     349
     361
     342
     349
     314
     352
     351
     376
     362
     339
     375
     349
     380
     356
     349
     361
     382
     362
     355
     357
     352
     326
     385
     356
     322
     335
     341
     336
     369
     340
     330
     351
     353
     348
     350
     356
     342
     335
     380
     347
     381
     358
     359
     367
     338
     348
     368
     358
     386
     346
     330
     396
     335
     357
     336
     364
     341
     376
     347
     366
     330
     388
     333
     331
     363
     338
     342
     345
     356
     360
     339
     362
     382
     359
     327
     320
     338
     346
     353
     330
     329
     356
     366
     348
     329
     355
     344
     349
     329
     342
     326
     312
     363
     333
     339
     373
     345
     324
     375
     346
     333
     340
     356
     338
     325
     336
     357
     348
     360
     340
     324
     341
     337
     339
     364
     344
     322
     361
     357
     309
     363
     373
     378
     333
     326
     346
     353
     326
     346
     367
     326
     336
     351
     358
     357
     332
     331
     344
     339
     322
     366
     342
     395
     334
     339
     316
     343
     345
     316
     368
     341
     334
     362
     369
     355
     349
     324
     323
     309
     343
     305
     330
     345
     338
     338
     337
     327
     358
     353
     346
     347
     342
     301
     355
     339
     327
     359
     339
     310
     344
     344
     340
     333
     339
     322
     343
     341
     334
     349
     335
     335
     338
     332
     374
     318
     344
     316
     347
     350
     304
     355
     355
     345
     363
     348
     372
     359
     309
     363
     337
     324
     351
     353
     318
     339
     334
     331
     307
     354
     374
     299
     355
     339
     336
     346
     347
     327
     323
     347
     272
     352
     312
     334
     331
     350
     334
     313
     338
     354
     322
     313
     338
     343
     330
     327
     352
     328
     347
     345
     320
     339
     296
     347
     363
     346
     352
     321
     331
     350
     349
     370
     346
     338
     340
     350
     357
     335
     359
     335
     347
     342
     317
     355
     330
     344
     328
     349
     308
     322
     336
     337
     318
     318
     320
     296
     326
     337
     333
     334
     314
     330
     305
     345
     330
     348
     323
     358
     361
     332
     321
     339
     329
     305
     335
     332
     351
     377
     327
     337
     340
     331
     326
     357
     356
     340
     288
     365
     338
     322
     324
     333
     374
     292
     333
     323
     342
     356
     344
     344
     312
     330
     321
     330
     339
     343
     294
     331
     322
     314
     355
     325
     327
     346
     348
     319
     306
     338
     318
       0
       0
       0
       0
       0
       0
       0
       0
       0
       0
       0
       0
       0
       0
       0
       0
       0
       0
       0
       0
       0
       0
       0
       0
       0
       0
       0
       0
       0
       0
       0
       0
$ROI:
0
$PRESETS:
None
0
0
$ENER_FIT:
0.000000 0.421939
$MCA_CAL:
3
0.000000E+000 4.219387E-001 0.000000E+000 keV
$SHAPE_CAL:
3
0.000000E+000 0.000000E+000 0.000000E+000
