$SPEC_ID:
Recoil
$SPEC_REM:
DET# 3
DETDESC# JLAB-11 MCB 134
AP# Maestro Version 7.01
$DATE_MEA:
03/04/2025 14:33:53
$MEAS_TIM:
617 635
$DATA:
0 2047
       0
       0
       0
       0
       0
       0
       0
      18
   47982
    2524
    2718
    2338
    2235
    2170
    1934
    1937
    1810
    1470
    1351
    1083
     863
     701
     675
     479
     434
     397
     381
     388
     409
     363
     382
     350
     363
     401
     369
     364
     418
     410
     379
     382
     385
     431
     423
     382
     414
     403
     394
     421
     417
     429
     409
     444
     461
     435
     441
     446
     551
     468
     528
     539
     597
     632
     668
     750
     824
     860
     974
    1114
    1250
    1422
    1595
    1890
    2193
    2527
    2922
    3483
    4017
    4625
    5434
    6235
    7021
    8053
    9031
   10264
   10960
   12115
   12958
   13805
   14055
   14514
   14761
   14822
   14331
   13831
   12981
   12452
   11416
   10252
    9445
    8398
    7463
    6563
    5652
    5024
    4413
    3752
    3219
    2684
    2277
    2002
    1736
    1487
    1311
    1082
     986
     894
     765
     649
     602
     566
     534
     531
     531
     525
     543
     558
     508
     552
     553
     525
     582
     582
     582
     600
     643
     670
     709
     687
     758
     774
     792
     798
     850
     864
     867
     987
     953
     977
     922
     977
     970
    1068
     960
    1003
     942
     982
     967
     934
     987
     950
     932
     921
     879
     808
     842
     828
     822
     832
     814
     814
     815
     826
     842
     848
     887
     877
     846
     906
     871
     878
     971
     929
     928
     951
    1003
    1033
    1020
    1009
    1014
    1062
    1070
    1102
    1126
    1128
    1098
    1126
    1201
    1139
    1209
    1190
    1226
    1307
    1281
    1279
    1343
    1349
    1421
    1443
    1590
    1545
    1642
    1667
    1714
    1891
    1967
    2021
    2145
    2239
    2398
    2538
    2773
    2778
    2944
    3014
    3196
    3444
    3451
    3602
    3753
    3630
    3833
    3935
    3895
    4063
    3918
    3993
    3938
    3868
    3795
    3600
    3636
    3329
    3287
    2968
    2813
    2795
    2546
    2432
    2224
    2092
    1937
    1682
    1617
    1515
    1330
    1220
    1078
    1043
     973
     914
     817
     733
     730
     713
     650
     639
     650
     608
     583
     558
     592
     608
     576
     530
     556
     548
     548
     515
     559
     547
     551
     545
     549
     522
     566
     570
     564
     531
     530
     535
     571
     559
     574
     552
     578
     569
     605
     547
     579
     566
     613
     531
     612
     608
     551
     622
     610
     571
     554
     595
     583
     658
     591
     608
     610
     616
     622
     601
     601
     609
     568
     642
     583
     639
     608
     614
     656
     600
     605
     579
     596
     626
     610
     588
     587
     614
     628
     656
     617
     571
     608
     605
     604
     572
     604
     621
     570
     608
     634
     611
     648
     617
     616
     618
     596
     578
     589
     589
     570
     583
     616
     603
     645
     627
     625
     609
     619
     628
     619
     645
     610
     638
     639
     616
     651
     657
     622
     625
     632
     616
     626
     628
     633
     625
     633
     660
     669
     663
     703
     665
     691
     679
     640
     676
     657
     626
     683
     687
     663
     688
     701
     675
     710
     652
     746
     700
     700
     732
     713
     749
     719
     753
     698
     718
     755
     711
     739
     754
     676
     752
     770
     765
     745
     771
     761
     732
     757
     740
     746
     762
     819
     806
     743
     828
     729
     742
     749
     785
     808
     747
     721
     793
     779
     761
     762
     793
     775
     753
     749
     748
     722
     747
     701
     731
     769
     698
     746
     756
     762
     737
     702
     734
     770
     718
     719
     726
     741
     702
     675
     658
     708
     679
     662
     715
     658
     703
     695
     685
     659
     676
     712
     694
     681
     704
     633
     648
     661
     690
     678
     628
     672
     673
     662
     655
     656
     667
     663
     645
     647
     678
     671
     711
     627
     627
     658
     638
     663
     633
     567
     679
     619
     628
     667
     644
     650
     676
     632
     603
     643
     604
     626
     625
     598
     608
     627
     631
     609
     609
     624
     649
     612
     586
     586
     598
     569
     627
     596
     582
     560
     591
     574
     558
     588
     577
     562
     544
     558
     547
     545
     602
     584
     490
     550
     552
     582
     545
     554
     529
     512
     551
     519
     520
     572
     585
     531
     492
     526
     518
     524
     518
     494
     533
     497
     498
     494
     511
     524
     535
     484
     501
     458
     512
     465
     478
     453
     460
     434
     501
     466
     484
     467
     448
     450
     442
     482
     505
     476
     486
     479
     478
     463
     457
     482
     488
     463
     488
     455
     406
     478
     433
     427
     483
     422
     412
     405
     457
     410
     456
     452
     445
     455
     445
     406
     415
     429
     410
     387
     403
     400
     393
     392
     376
     419
     414
     432
     369
     399
     388
     403
     448
     391
     375
     372
     377
     387
     363
     396
     408
     380
     377
     380
     348
     358
     394
     362
     375
     367
     347
     371
     391
     398
     342
     353
     382
     354
     348
     361
     395
     334
     372
     371
     326
     366
     357
     363
     403
     360
     361
     362
     343
     361
     367
     375
     404
     303
     358
     384
     367
     357
     402
     348
     350
     342
     365
     346
     394
     397
     374
     410
     401
     384
     390
     417
     413
     374
     408
     449
     427
     410
     411
     413
     443
     400
     442
     443
     471
     414
     437
     476
     465
     457
     473
     448
     466
     490
     486
     497
     497
     537
     477
     517
     527
     519
     485
     530
     481
     510
     509
     535
     502
     534
     567
     548
     486
     534
     590
     511
     540
     535
     531
     554
     542
     517
     589
     580
     599
     565
     540
     523
     574
     552
     587
     574
     617
     545
     593
     603
     614
     578
     614
     587
     655
     617
     577
     626
     595
     663
     688
     646
     634
     656
     667
     643
     685
     644
     667
     686
     698
     731
     648
     739
     708
     632
     728
     691
     686
     717
     756
     696
     720
     710
     710
     737
     734
     687
     731
     689
     671
     696
     737
     719
     724
     690
     726
     690
     689
     692
     690
     663
     704
     692
     703
     659
     692
     677
     659
     677
     679
     643
     651
     643
     654
     649
     626
     601
     674
     595
     611
     580
     600
     579
     526
     574
     533
     528
     507
     548
     497
     513
     536
     549
     483
     523
     495
     462
     490
     455
     497
     455
     468
     424
     475
     521
     398
     440
     469
     442
     466
     446
     417
     471
     414
     440
     466
     472
     469
     482
     506
     429
     472
     492
     476
     494
     518
     555
     529
     530
     572
     586
     555
     612
     616
     607
     655
     676
     617
     666
     720
     686
     713
     772
     748
     846
     798
     834
     820
     838
     886
     884
     898
     925
     954
     933
     956
     965
     998
    1056
     978
    1062
    1057
    1099
    1075
    1087
    1142
    1178
    1157
    1249
    1160
    1224
    1205
    1224
    1229
    1279
    1269
    1228
    1241
    1271
    1238
    1291
    1303
    1325
    1315
    1388
    1364
    1374
    1407
    1292
    1343
    1382
    1337
    1375
    1325
    1347
    1389
    1361
    1347
    1344
    1307
    1263
    1324
    1388
    1296
    1317
    1258
    1305
    1258
    1238
    1226
    1223
    1202
    1269
    1216
    1207
    1166
    1171
    1163
    1147
    1125
    1140
    1048
    1105
    1049
    1043
     971
     997
     891
     980
     910
     875
     861
     882
     858
     845
     847
     824
     817
     807
     805
     740
     728
     678
     666
     679
     710
     659
     612
     622
     610
     599
     569
     607
     576
     549
     494
     525
     540
     490
     468
     507
     458
     491
     472
     423
     402
     447
     445
     433
     392
     359
     392
     361
     371
     392
     371
     381
     364
     344
     336
     348
     361
     303
     323
     347
     310
     303
     293
     305
     281
     289
     264
     245
     275
     285
     266
     228
     246
     246
     239
     233
     266
     232
     231
     210
     217
     213
     226
     199
     231
     206
     230
     216
     220
     218
     223
     191
     195
     199
     178
     188
     173
     173
     189
     185
     165
     179
     148
     168
     156
     146
     163
     153
     163
     142
     188
     133
     132
     132
     149
     145
     141
     141
     138
     135
     149
     157
     141
     128
     132
     131
     135
     130
     131
     147
     125
     108
     130
     126
     130
     131
     129
     150
     130
     125
     140
     139
     142
     129
     143
     144
     145
     133
     117
     105
     106
     140
     118
     129
     113
     138
      97
     123
     111
     110
     146
     146
     125
     124
     137
     114
     128
     131
     135
     115
     123
     109
     118
     139
     115
     102
     110
     118
     103
     107
     116
     118
     133
     128
     120
     121
     130
     114
     112
     123
     118
     116
     104
     105
     111
     114
     113
     126
     107
     110
     113
     101
     110
      94
     113
      90
     126
     114
      91
      93
      84
     105
      93
      91
      82
     103
     108
     104
      93
      99
      97
      81
      97
      99
      84
      78
      90
      97
      89
      87
      78
      58
      93
      94
      79
      89
      73
      87
      70
      66
      72
      80
      92
      81
      84
      79
      80
      63
      69
      68
      79
      83
      63
      64
      74
      76
      62
      64
      67
      70
      76
      67
      66
      65
      71
      61
      48
      68
      61
      59
      75
      61
      56
      60
      50
      56
      60
      50
      67
      77
      63
      81
      67
      65
      64
      62
      61
      58
      60
      61
      58
      69
      69
      59
      51
      58
      59
      49
      65
      53
      60
      54
      59
      68
      76
      44
      46
      58
      46
      58
      52
      63
      59
      53
      54
      47
      50
      49
      52
      47
      50
      59
      55
      51
      54
      49
      54
      44
      59
      55
      55
      54
      62
      46
      31
      52
      49
      50
      59
      44
      51
      42
      41
      54
      64
      50
      40
      51
      50
      48
      47
      54
      59
      46
      59
      47
      42
      54
      42
      42
      47
      53
      50
      49
      43
      59
      49
      51
      53
      45
      54
      40
      56
      47
      55
      54
      50
      38
      47
      52
      49
      58
      42
      37
      46
      41
      48
      41
      44
      37
      41
      50
      49
      55
      52
      40
      35
      40
      51
      54
      47
      53
      56
      60
      43
      40
      47
      36
      29
      50
      41
      45
      43
      46
      47
      48
      43
      48
      46
      42
      38
      44
      40
      56
      41
      46
      53
      56
      57
      36
      37
      42
      59
      44
      45
      39
      47
      43
      42
      47
      47
      31
      45
      54
      53
      33
      37
      40
      42
      40
      34
      47
      53
      34
      49
      36
      36
      46
      40
      42
      48
      52
      32
      42
      33
      50
      46
      45
      43
      56
      63
      64
      32
      59
      37
      47
      36
      56
      45
      36
      47
      47
      44
      43
      44
      42
      44
      55
      49
      43
      48
      37
      44
      50
      52
      55
      51
      41
      40
      53
      54
      57
      56
      48
      38
      59
      55
      49
      49
      52
      42
      54
      47
      52
      45
      49
      65
      47
      48
      63
      46
      44
      59
      44
      48
      48
      58
      46
      56
      51
      52
      64
      42
      66
      48
      63
      50
      57
      48
      60
      54
      68
      62
      62
      57
      56
      68
      61
      58
      67
      62
      71
      48
      54
      68
      54
      65
      76
      57
      64
      71
      61
      57
      59
      71
      72
      77
      84
      75
      74
      70
      66
      80
      79
      74
      72
      75
      72
      90
      84
      81
      76
      80
     100
      72
      91
      80
      86
      92
      86
     102
     100
     101
     103
      89
     105
      85
      81
     106
     112
     107
     113
     106
     128
      95
     121
     101
     129
     138
     149
     139
     143
     131
     145
     137
     139
     162
     136
     150
     165
     156
     193
     189
     143
     185
     147
     181
     186
     186
     188
     196
     200
     192
     238
     228
     207
     222
     233
     233
     235
     220
     265
     273
     271
     290
     271
     272
     266
     272
     269
     276
     272
     307
     312
     290
     362
     320
     326
     359
     342
     337
     316
     368
     341
     335
     357
     393
     372
     385
     404
     399
     412
     398
     370
     422
     437
     430
     435
     424
     459
     396
     469
     464
     491
     496
     464
     502
     472
     485
     480
     461
     481
     475
     537
     493
     516
     499
     501
     537
     532
     523
     513
     555
     501
     554
     519
     538
     531
     551
     527
     578
     543
     578
     578
     532
     599
     541
     613
     575
     602
     525
     534
     589
     568
     547
     543
     554
     534
     558
     554
     607
     516
     534
     574
     545
     534
     547
     515
     552
     541
     493
     517
     503
     539
     513
     513
     509
     499
     502
     458
     441
     409
     471
     443
     462
     451
     423
     406
     405
     433
     417
     381
     403
     400
     368
     386
     360
     342
     352
     329
     327
     361
     299
     328
     299
     306
     304
     314
     300
     300
     314
     269
     289
     261
     242
     245
     227
     263
     223
     230
     233
     221
     196
     201
     203
     193
     192
     176
     176
     200
     179
     143
     164
     150
     165
     151
     135
     134
     132
     145
     127
     116
     115
     141
      97
     109
      88
     110
      91
      88
      83
      96
      79
      84
      74
      71
      79
      76
      65
      61
      70
      73
      63
      52
      48
      52
      51
      74
      57
      41
      37
      44
      32
      53
      48
      34
      39
      48
      35
      33
      24
      35
      23
      21
      33
      28
      25
      22
      19
      26
      17
      12
      17
      20
      18
      21
      22
      19
      21
      15
      21
      17
      18
      19
      16
      18
      19
      11
      17
      19
      10
      14
       7
       7
      10
      15
      18
      16
      11
      17
      16
      13
      12
      10
       7
      15
       7
      14
      21
      10
      10
      20
      14
       9
       9
      14
      12
      11
       6
      11
       7
       8
      10
       7
      12
      13
      12
       7
      11
      12
      12
      12
      12
       8
       7
      12
      12
      12
       6
      12
      12
      14
       9
       9
      12
      13
      13
      10
       4
      11
      13
      10
       6
       8
      13
       7
       9
       3
       6
      10
       5
       6
      12
       7
       8
       5
      14
      10
      11
      14
       9
       8
       9
       5
      14
       4
       7
       8
       6
       7
      16
       6
       7
      18
       7
       9
      12
       5
      15
       5
       4
      13
       4
       5
       9
       4
      13
      11
      11
       7
      10
       5
       7
       7
       5
       7
       9
       6
      15
      10
       7
      13
       9
      10
      11
       7
      11
      10
      11
       7
       9
      10
       3
       8
      10
      13
       2
       9
       5
       7
       5
       4
       6
       9
       6
      13
       7
       9
      11
       5
       5
      14
      12
       0
       0
       0
       0
       0
       0
       0
       0
       0
       0
       0
       0
       0
       0
       0
       0
       0
       0
       0
       0
       0
       0
       0
       0
       0
       0
       0
       0
       0
       0
       0
       0
$ROI:
0
$PRESETS:
None
0
0
$ENER_FIT:
0.000000 0.722271
$MCA_CAL:
3
0.000000E+000 7.222707E-001 0.000000E+000 keV
$SHAPE_CAL:
3
0.000000E+000 0.000000E+000 0.000000E+000
