$SPEC_ID:
Scatter
$SPEC_REM:
DET# 2
DETDESC# JLAB-11 MCB 133
AP# Maestro Version 7.01
$DATE_MEA:
03/04/2025 14:33:52
$MEAS_TIM:
591 634
$DATA:
0 2047
       0
       0
       0
       0
       0
       0
   10032
 3368645
  368406
  260596
   99384
   50559
   26999
   14833
    7961
    4480
    2779
    1802
    1419
    1129
     923
     799
     622
     553
     494
     401
     339
     322
     302
     281
     270
     268
     270
     269
     264
     247
     237
     215
     261
     254
     273
     270
     281
     233
     275
     268
     257
     262
     275
     305
     283
     270
     283
     269
     281
     277
     322
     335
     321
     339
     370
     361
     448
     499
     540
     619
     682
     889
     980
    1190
    1403
    1687
    2025
    2364
    2886
    3267
    3777
    4375
    4825
    5558
    6320
    6741
    7582
    8065
    8631
    9096
    9519
    9726
    9909
   10011
    9881
    9756
    9450
    9066
    8623
    8095
    7546
    6975
    6241
    5647
    5247
    4602
    4045
    3577
    3208
    2696
    2432
    2128
    1843
    1538
    1300
    1145
    1025
     829
     773
     714
     607
     563
     497
     457
     414
     401
     396
     374
     346
     393
     411
     372
     403
     440
     396
     455
     452
     481
     541
     476
     496
     535
     541
     561
     581
     642
     626
     664
     679
     720
     721
     695
     686
     732
     718
     783
     695
     721
     715
     730
     673
     702
     696
     681
     687
     689
     659
     696
     700
     655
     675
     657
     684
     630
     632
     644
     683
     679
     666
     710
     679
     744
     693
     730
     725
     758
     802
     832
     771
     786
     813
     795
     794
     870
     803
     898
     916
     862
     847
     838
     885
     926
     961
     967
     964
    1015
    1080
    1133
    1124
    1172
    1164
    1267
    1327
    1416
    1533
    1584
    1717
    1787
    1914
    2033
    2190
    2317
    2476
    2555
    2667
    2775
    2840
    2920
    3139
    3067
    3151
    3277
    3320
    3291
    3495
    3315
    3451
    3289
    3245
    3149
    3102
    3075
    3065
    2824
    2747
    2497
    2501
    2251
    2156
    2051
    1854
    1785
    1657
    1555
    1429
    1345
    1217
    1161
    1091
     969
     880
     811
     775
     691
     726
     626
     598
     568
     519
     499
     502
     475
     483
     438
     453
     452
     444
     434
     441
     408
     448
     401
     431
     408
     452
     420
     390
     418
     432
     411
     419
     435
     433
     434
     429
     432
     416
     431
     425
     434
     438
     450
     426
     440
     469
     441
     482
     451
     443
     437
     433
     459
     479
     439
     431
     471
     430
     455
     421
     462
     445
     449
     492
     470
     457
     454
     444
     464
     452
     455
     449
     462
     467
     482
     458
     478
     465
     412
     452
     473
     403
     411
     452
     449
     478
     475
     411
     436
     470
     464
     424
     476
     476
     457
     468
     471
     513
     456
     475
     498
     469
     436
     447
     457
     460
     445
     436
     481
     452
     473
     478
     472
     433
     461
     505
     456
     468
     463
     466
     480
     473
     464
     514
     493
     490
     486
     509
     490
     490
     530
     520
     477
     483
     504
     517
     513
     447
     526
     502
     510
     514
     540
     509
     540
     504
     539
     515
     561
     530
     527
     578
     544
     549
     524
     550
     532
     549
     570
     574
     612
     549
     534
     553
     585
     550
     555
     520
     578
     550
     554
     521
     598
     567
     611
     555
     596
     568
     597
     571
     533
     526
     550
     550
     591
     610
     554
     542
     519
     557
     529
     538
     535
     527
     541
     513
     504
     501
     535
     533
     520
     497
     493
     509
     465
     488
     491
     518
     496
     457
     448
     438
     455
     471
     459
     455
     475
     450
     488
     461
     477
     433
     435
     455
     470
     474
     475
     424
     446
     481
     437
     448
     425
     492
     429
     438
     458
     450
     445
     410
     425
     418
     431
     399
     451
     396
     465
     450
     440
     446
     402
     441
     446
     426
     445
     404
     458
     420
     412
     447
     383
     434
     436
     391
     383
     397
     425
     387
     399
     394
     386
     409
     391
     386
     364
     403
     391
     376
     358
     378
     401
     382
     372
     389
     380
     386
     381
     355
     358
     384
     363
     347
     349
     350
     351
     339
     373
     321
     351
     340
     352
     344
     343
     320
     299
     353
     341
     330
     348
     355
     339
     347
     356
     295
     333
     301
     324
     307
     315
     344
     324
     339
     330
     311
     331
     300
     281
     266
     284
     299
     289
     299
     348
     312
     315
     294
     289
     325
     313
     288
     322
     320
     302
     311
     334
     280
     305
     295
     283
     298
     297
     310
     306
     262
     321
     295
     277
     309
     303
     300
     267
     256
     277
     311
     257
     293
     298
     293
     268
     262
     247
     244
     301
     253
     270
     272
     256
     252
     231
     241
     261
     246
     241
     218
     278
     265
     236
     255
     228
     227
     276
     205
     255
     266
     212
     249
     241
     232
     259
     243
     202
     207
     229
     226
     222
     222
     182
     221
     214
     221
     259
     216
     218
     230
     257
     232
     214
     234
     212
     240
     226
     217
     233
     261
     233
     245
     248
     231
     227
     227
     250
     227
     218
     252
     271
     266
     262
     264
     290
     288
     259
     289
     266
     280
     297
     316
     270
     325
     306
     334
     336
     306
     363
     316
     330
     326
     335
     346
     338
     343
     343
     340
     332
     337
     359
     347
     379
     392
     371
     367
     399
     434
     362
     377
     350
     383
     379
     394
     371
     387
     378
     373
     393
     391
     414
     412
     411
     406
     377
     404
     410
     428
     427
     439
     416
     390
     431
     425
     437
     463
     457
     428
     432
     485
     500
     520
     463
     497
     457
     488
     534
     509
     476
     479
     499
     513
     518
     502
     502
     508
     498
     515
     556
     538
     518
     534
     535
     571
     536
     540
     541
     572
     578
     582
     553
     567
     573
     561
     601
     565
     567
     556
     588
     603
     588
     585
     530
     567
     575
     563
     568
     614
     531
     575
     515
     551
     501
     559
     515
     486
     510
     511
     475
     465
     439
     479
     510
     486
     503
     448
     470
     416
     441
     437
     412
     383
     373
     362
     386
     356
     368
     344
     341
     388
     367
     335
     317
     330
     331
     272
     287
     290
     270
     274
     261
     298
     265
     260
     260
     295
     282
     279
     296
     268
     262
     283
     291
     310
     315
     325
     314
     317
     322
     326
     354
     391
     352
     388
     380
     393
     438
     403
     447
     448
     496
     493
     482
     520
     515
     552
     543
     522
     577
     596
     599
     680
     634
     656
     675
     723
     734
     725
     722
     764
     767
     812
     865
     853
     871
     909
     886
     887
     917
     958
     970
     984
     991
     968
    1038
    1005
    1043
    1090
    1054
    1072
    1083
    1115
    1150
    1118
    1130
    1166
    1081
    1218
    1155
    1144
    1168
    1232
    1140
    1153
    1145
    1198
    1110
    1188
    1128
    1188
    1194
    1148
    1129
    1140
    1177
    1156
    1216
    1179
    1152
    1148
    1162
    1147
    1109
    1102
    1099
    1121
    1091
    1073
    1059
    1040
    1036
     962
     976
     945
     890
     905
     899
     878
     887
     792
     811
     821
     809
     812
     741
     766
     728
     717
     688
     695
     693
     677
     657
     616
     544
     633
     588
     515
     559
     503
     532
     479
     469
     485
     427
     449
     459
     431
     448
     390
     377
     377
     399
     350
     329
     357
     346
     352
     310
     315
     288
     308
     271
     315
     283
     266
     249
     236
     260
     253
     209
     237
     222
     227
     185
     230
     206
     171
     173
     184
     160
     186
     176
     192
     164
     190
     155
     161
     163
     154
     131
     152
     141
     155
     136
     119
     144
     132
     137
     142
     130
     128
     109
     109
     115
      97
      84
      91
      95
      98
     106
     101
     101
      82
      86
      82
      70
      59
      75
      85
      85
      74
      47
      69
      65
      59
      57
      56
      55
      70
      56
      75
      56
      45
      44
      45
      48
      58
      46
      49
      49
      42
      49
      43
      49
      38
      45
      50
      54
      46
      45
      41
      43
      30
      40
      48
      27
      39
      44
      31
      45
      42
      35
      29
      43
      39
      39
      33
      36
      23
      25
      35
      33
      31
      35
      40
      32
      40
      37
      28
      35
      29
      29
      27
      35
      34
      34
      31
      37
      36
      32
      36
      28
      41
      35
      41
      33
      24
      31
      34
      34
      29
      34
      34
      25
      32
      32
      34
      33
      38
      37
      42
      36
      25
      33
      29
      45
      34
      32
      39
      28
      34
      35
      30
      39
      31
      26
      48
      40
      23
      27
      34
      33
      26
      23
      29
      31
      34
      33
      25
      37
      28
      37
      31
      19
      20
      25
      27
      25
      18
      33
      42
      30
      33
      24
      31
      34
      31
      36
      28
      27
      23
      22
      25
      23
      23
      24
      22
      31
      22
      32
      24
      23
      29
      25
      23
      25
      28
      19
      33
      32
      27
      23
      20
      21
      20
      26
      22
      15
      20
      27
      30
      22
      33
      21
      19
      27
      25
      21
      27
      21
      21
      19
      30
      21
      27
      18
      15
      26
      14
      25
      27
      19
      30
      23
      18
      26
      28
      14
      28
      32
      21
      22
      21
      25
      32
      25
      24
      23
      22
      25
      23
      29
      20
      17
      28
      21
      23
      21
      25
      20
      21
      26
      25
      25
      30
      19
      26
      23
      18
      28
      24
      19
      26
      21
      22
      28
      22
      23
      27
      20
      20
      16
      26
      17
      15
      26
      30
      30
      20
      26
      33
      25
      22
      18
      19
      25
      20
      19
      27
      22
      34
      23
      19
      19
      19
      17
      21
      29
      28
      24
      22
      17
      23
      13
      23
      24
      24
      19
      18
      26
      25
      21
      21
      16
      18
      21
      19
      19
      18
      23
      29
      29
      21
      16
      15
      27
      22
      23
      20
      23
      17
      29
      29
      17
      21
      17
      19
      23
      20
      22
      32
      22
      15
      26
      26
      25
      21
      18
      24
      11
      29
      25
      20
      18
      15
      21
      25
      17
      19
      20
      19
      18
      21
      17
      17
      18
      13
      21
      17
      19
      22
      16
      23
      26
      17
      18
      23
      19
      18
      12
      23
      11
      24
      12
      20
      16
      18
      23
      16
       8
      18
      20
      18
      14
      15
      24
      22
      14
      26
      14
      20
      16
      18
      22
      14
      18
      14
      28
      22
      19
      22
      17
      20
      16
      20
      22
      23
      13
      21
      26
      16
      16
      19
      17
      17
      23
      19
      18
      20
      20
      22
      18
      23
      20
      27
      18
      11
      18
      21
      28
      20
      13
      21
      13
      17
      28
      22
      20
      20
      22
      19
      12
      14
      14
      20
      19
      13
      11
      17
      18
      16
      23
      15
      13
      16
      19
      19
      15
      20
      20
      32
      14
      27
      20
      21
      19
      30
      19
      17
      21
      25
      19
      12
      16
      21
      22
      15
      20
      17
      17
      21
      17
      19
      18
      15
      25
      12
      22
      27
      31
      24
      27
      18
      15
      20
      20
      13
      20
      17
      26
      18
      21
      15
      18
      33
      15
      22
      27
      23
      25
      27
      24
      21
      28
      20
      19
      20
      21
      22
      19
      26
      26
      20
      16
      22
      32
      21
      24
      20
      20
      20
      20
      18
      13
      14
      20
      19
      25
      17
      21
      18
      23
      24
      16
      14
      22
      19
      26
      23
      19
      30
      16
      22
      18
      19
      15
      20
      17
      17
      17
      15
      21
      14
      18
      15
      23
      24
      17
      15
      17
      16
      15
      22
      18
      26
      14
      14
      21
      12
      10
      12
      19
      16
      11
      16
      19
      15
      18
       8
      18
      15
      13
      21
       9
      17
      16
      15
      13
      12
      19
      20
      16
      23
      13
       6
      15
      18
      10
      15
      13
      16
      12
      13
      14
      14
      14
      20
      14
      12
      20
      15
      13
      16
      17
      19
      15
      19
      18
      13
      15
      14
      14
      15
      12
      20
      10
      19
      10
      13
      12
      15
      18
      22
      14
      15
      12
      13
      12
      14
      12
      20
      12
      12
      11
      10
      10
      11
       9
      11
      14
      15
      14
       7
      14
       8
      10
       9
       9
      10
      11
      19
      13
      13
       9
      12
      11
      11
      14
       9
      11
      13
       9
      11
       4
       7
       6
      11
      12
       7
      10
       9
      14
      15
      11
      11
      15
       7
      13
      13
      11
      15
      12
       7
      13
       9
      16
      13
       7
      16
      10
       8
       8
      16
       7
      11
       9
      14
       6
       3
      14
      11
       7
       9
      11
      11
       7
      11
      12
       6
      11
      12
      12
      10
       9
      15
       7
       6
      10
       9
       7
       9
      10
       9
       7
       7
       8
      13
       7
       8
      13
      11
      14
       7
       6
       9
       7
      15
       7
       7
       8
       7
       9
      13
       4
       9
       7
      13
      10
       8
       6
      10
       9
       9
      16
       3
       9
       7
       6
       6
      10
      12
      13
       7
       9
       5
       5
      12
      13
      11
       5
       6
       8
      10
       9
       6
      13
       4
       9
       5
       7
       9
       9
       7
      12
      10
      11
      11
      13
      11
       4
      10
      10
      14
       8
       8
       7
       7
       8
       9
      15
       7
      10
       7
       7
      11
       9
       8
      13
       7
      10
      11
       7
       6
       7
       7
       9
      13
      10
       6
       8
       5
      12
       9
      10
      10
       5
       8
       8
      11
      11
       8
       6
       6
      12
       9
       8
       8
      15
      10
       9
       7
       8
       4
       5
       9
       9
       9
      11
       8
       8
       8
       6
      12
       8
       8
       7
       7
       7
       9
      11
       6
       5
       4
       3
       7
       4
      11
      12
      11
       5
       9
       5
      12
       7
       7
      10
       6
       4
       6
      11
       3
       8
       6
       8
       8
       9
       9
       8
      12
       4
       6
       4
       6
       6
       6
       8
       9
       8
       6
       8
       6
      10
      11
       5
      10
       5
      11
      10
       4
       5
      11
       2
      14
       8
       9
       5
       5
       4
       5
      10
       5
       4
      16
       7
      11
       3
       9
       5
       6
       4
       5
       7
       4
       8
       5
       5
       8
      11
       4
       9
      11
       8
       4
       6
       6
       6
       0
       0
       0
       0
       0
       0
       0
       0
       0
       0
       0
       0
       0
       0
       0
       0
       0
       0
       0
       0
       0
       0
       0
       0
       0
       0
       0
       0
       0
       0
       0
       0
$ROI:
0
$PRESETS:
None
0
0
$ENER_FIT:
0.000000 0.421939
$MCA_CAL:
3
0.000000E+000 4.219387E-001 0.000000E+000 keV
$SHAPE_CAL:
3
0.000000E+000 0.000000E+000 0.000000E+000
