$SPEC_ID:
Recoil
$SPEC_REM:
DET# 3
DETDESC# JLAB-11 MCB 134
AP# Maestro Version 7.01
$DATE_MEA:
03/04/2025 15:20:41
$MEAS_TIM:
1549 1665
$DATA:
0 2047
       0
       0
       0
       0
       0
       0
       0
       0
       0
       0
       0
       3
      51
      36
      14
      10
       4
       2
       5
       1
       4
       3
       2
       0
       1
       3
       3
       2
       1
       3
       3
       3
       3
       1
       2
       5
       4
       2
       4
       4
       7
       3
       3
       2
       1
       4
       1
       4
       3
       1
       3
       2
       4
       4
       5
       4
       4
       7
       5
       3
       3
       4
       1
       7
       3
       2
       1
       1
       6
       2
       5
       4
       0
       3
       2
       6
       3
       5
       4
       3
       5
       2
       6
       5
       5
       5
       3
       4
       6
       7
       1
       4
       4
       3
       7
       6
       8
       8
       4
      11
       6
      10
       4
       5
       6
       6
       5
       3
       4
       4
       7
       4
       4
       4
       4
       5
       9
       6
       4
       3
       6
       4
       9
       8
       2
       2
       3
       5
       3
       8
       3
       4
       5
       1
       9
       6
       5
       9
       9
       9
       3
       6
       4
       9
       2
       9
       3
       5
       7
       5
       6
       6
       3
       5
       6
       7
       4
       1
       6
       5
       3
       9
       6
       8
       9
       8
       6
       3
       6
       6
       3
       7
       5
       7
       3
       3
       8
       7
       4
       5
       2
       3
       6
       7
       6
       6
       5
       3
       4
       2
       5
       4
       6
       8
       8
       3
       3
       8
       2
       7
       7
       6
       3
       4
       5
       6
       6
       9
       6
       4
      10
       4
       6
       9
       3
       5
       9
       7
       5
       4
       7
       5
       8
       7
       4
       8
       3
       6
       7
       3
       5
       3
       3
       7
       5
       4
      13
       7
       9
       4
       8
       4
       5
       6
       6
       8
       5
       5
       5
      10
       6
      14
       6
       4
       7
       7
      10
       4
       4
       3
       8
       7
       2
       6
       4
       5
       8
       8
       5
       6
       7
       6
       7
       7
       8
       2
       6
       3
       6
       6
       6
       8
       2
       3
      10
       7
       2
       7
       5
       4
       8
       6
       4
       6
       6
       7
       7
       3
       3
       3
       7
       5
       5
       2
       5
       8
       6
       6
       6
       5
       4
       5
       7
       5
       8
       6
       9
       6
       3
       6
       2
       6
       6
       7
       9
       7
       8
       7
      14
       3
       5
       7
       7
      10
       6
       7
       6
       7
      10
       4
       6
       5
       4
       9
       4
       7
      11
       6
       2
       9
       8
       6
       3
       9
       7
       8
       8
      10
       9
       5
       9
       5
       8
       5
       9
       7
       4
       9
       8
       8
       5
       6
      11
      13
       7
       2
       8
      11
       6
      12
       7
       9
       6
       3
       9
       8
       8
       6
      17
       8
       4
       6
       9
      12
       8
       9
       7
       9
      10
       9
       6
       7
       6
       7
       4
       5
      14
       5
      10
       8
       9
      10
       6
       6
      10
       6
       7
       9
      14
       9
      14
       7
      12
      12
       8
       9
       7
      10
      10
      11
       7
       7
       7
       9
       9
       9
      17
       5
       8
      12
      10
       9
      11
      15
      10
      12
      11
      11
      10
       8
       5
      12
       8
       6
      15
      11
      10
       9
      12
       9
      13
      15
      13
      14
      15
       8
      10
      11
       9
      12
      15
      13
       9
      10
      17
      12
      13
      12
      13
      16
       7
       8
      11
      18
      16
      12
      13
      13
      19
       6
       9
      13
      11
      18
      12
      13
      23
      17
      15
      18
      22
      10
      12
      16
      17
      18
      11
      17
       9
      23
      19
      20
      12
      16
      11
      19
      25
      20
      23
      22
      26
      27
      18
      15
      19
      28
      20
      17
      26
      21
      29
      22
      16
      25
      16
      21
      15
      22
      18
      28
      25
      26
      22
      24
      17
      17
      26
      30
      26
      27
      24
      29
      22
      27
      27
      26
      29
      23
      33
      26
      29
      23
      28
      25
      21
      21
      24
      17
      31
      17
      30
      28
      24
      18
      20
      23
      18
      21
      22
      25
      27
      27
      24
      25
      23
      26
      36
      28
      38
      26
      27
      22
      29
      35
      25
      28
      29
      30
      38
      35
      28
      38
      20
      22
      18
      27
      21
      32
      28
      23
      26
      31
      24
      25
      34
      32
      36
      36
      28
      33
      28
      31
      40
      32
      30
      29
      37
      26
      31
      31
      27
      22
      23
      50
      26
      25
      26
      15
      22
      28
      24
      35
      22
      32
      31
      32
      28
      32
      17
      31
      34
      18
      32
      34
      29
      27
      31
      28
      29
      27
      28
      30
      30
      30
      32
      25
      23
      26
      28
      30
      34
      29
      28
      26
      31
      18
      29
      31
      27
      37
      32
      28
      29
      31
      27
      14
      33
      23
      21
      28
      22
      26
      30
      27
      31
      18
      29
      24
      19
      29
      23
      16
      21
      26
      22
      30
      26
      26
      30
      31
      16
      18
      22
      21
      30
      18
      23
      22
      18
      24
      21
      29
      16
      12
      21
      26
      20
      15
      21
      18
      27
      25
      16
      23
      28
      25
      12
      21
      24
      16
      24
      20
      14
      16
      17
      11
      17
      21
      19
      11
      23
      20
      15
      12
      23
      13
      17
      20
      13
      25
      18
      13
      16
       9
      18
      10
      22
      18
      14
      13
      15
      17
      14
      18
      19
      13
      14
      21
      15
      12
       7
       9
      12
      10
      20
      17
      11
      11
      11
       8
      15
      10
       8
      13
      12
      19
      11
      17
      11
      16
      21
      17
       7
      10
       7
      12
      12
      10
      13
      11
       5
       9
      12
      13
      13
      12
      11
      12
      10
      12
      10
      10
      14
       8
      10
      15
       7
       6
      11
      10
      12
       8
       9
       7
      11
      11
      10
       9
      11
       8
       7
       9
       9
       5
       9
      10
       8
       9
       7
       9
      10
       2
       6
       8
       9
       7
       9
       9
       7
       4
      11
      11
       6
      10
       6
       8
      13
       9
       9
       4
       9
      11
       9
       4
      10
       6
       8
      15
       7
      11
      10
       7
       5
      10
      10
       7
      13
       8
       9
       7
       5
       5
       5
      13
       5
       7
       6
      13
       7
       6
       7
       8
       6
      10
       7
       5
       9
       3
       4
       8
       7
      11
       7
       9
       7
       3
       6
       9
       7
      12
       4
       7
       4
       5
       6
       6
       4
       8
      13
       6
      11
       3
       6
       6
       9
       7
       5
       8
       6
       7
       6
       8
       8
       6
       4
      10
       7
       3
       8
       3
       2
       4
       5
       4
       5
       5
       6
      10
       6
       2
       7
       7
       9
       6
       8
       6
       6
       3
       6
       3
       7
       6
       2
       5
       3
       6
       3
       2
       1
       7
       4
       3
       5
       2
       1
       5
       0
       4
       5
       8
       4
       6
       8
       7
       5
       6
       3
       4
       6
       6
       5
       5
       4
       2
       4
       9
       2
       2
       6
      10
       8
       4
       6
       8
       4
       2
       4
       4
       4
       4
       5
       5
       4
       7
       7
       3
       4
       5
       3
       3
       4
       4
       5
       4
       5
       5
       2
       6
       7
       9
       3
       3
       6
      11
       5
       5
       4
       2
       5
       8
       2
       2
       4
       5
       2
       1
       3
      12
       2
       5
       5
       5
       5
       4
       4
       1
       8
       6
       5
       8
       2
       3
       6
       2
       2
       0
       2
      10
       9
       5
       8
       5
       5
       6
       6
       4
       4
       5
       3
       5
       5
       3
       3
       6
       4
       2
       4
       4
       7
       4
       1
       8
       4
       6
       7
       5
       5
       5
       4
       2
      10
       2
       7
       5
       5
       5
       9
       5
       1
       0
       0
       5
      12
       5
       3
       5
       1
       0
       9
       3
       2
       2
       4
       5
       1
       5
       4
       4
       6
       6
       2
       0
       7
       2
       5
       3
       3
       5
       4
       4
       2
       4
       3
       2
       5
       4
       5
       5
       6
       6
       6
      10
       5
       3
       6
       5
       3
       8
       4
       5
       3
       6
       4
       4
       3
       3
       3
       0
       3
       5
       4
       5
       1
       4
       3
       2
       4
       1
       4
       3
       7
       5
       0
       0
       1
       7
       2
       4
       5
       2
       2
       3
       4
       3
       5
       7
       2
       7
       4
       2
       0
       3
       1
       3
       0
       8
       3
       1
       1
       4
       3
       0
       2
       3
       3
       1
       1
       3
       3
       2
       3
       2
       1
       2
       3
       3
       3
       1
       1
       2
       5
       3
       2
       5
       1
       3
       3
       2
       2
       4
       2
       2
       3
       0
       4
       3
       3
       7
       3
       1
       2
       2
       2
       4
       2
       0
       2
       0
       0
       1
       0
       2
       3
       1
       2
       0
       2
       1
       1
       1
       3
       2
       3
       0
       1
       0
       4
       1
       1
       3
       1
       3
       2
       1
       0
       3
       0
       1
       0
       1
       2
       0
       1
       0
       1
       3
       2
       0
       1
       5
       1
       0
       4
       5
       2
       2
       0
       0
       5
       3
       0
       2
       1
       2
       0
       2
       3
       0
       1
       1
       1
       2
       2
       0
       1
       2
       0
       1
       1
       0
       1
       1
       0
       1
       0
       2
       1
       0
       1
       1
       1
       5
       0
       2
       1
       1
       1
       1
       1
       0
       1
       2
       3
       1
       1
       0
       0
       1
       0
       1
       1
       1
       0
       3
       3
       2
       0
       0
       0
       0
       2
       1
       0
       1
       1
       1
       2
       0
       3
       0
       0
       1
       2
       1
       0
       2
       0
       1
       0
       3
       2
       1
       1
       0
       0
       0
       2
       0
       0
       0
       0
       0
       0
       1
       0
       0
       1
       2
       1
       1
       2
       2
       1
       0
       1
       0
       0
       1
       0
       2
       1
       1
       3
       0
       0
       0
       1
       3
       2
       0
       2
       1
       1
       2
       0
       0
       1
       2
       1
       1
       2
       1
       1
       2
       1
       1
       1
       1
       3
       2
       0
       0
       0
       2
       0
       0
       0
       1
       1
       0
       2
       0
       0
       2
       1
       3
       1
       1
       1
       3
       1
       1
       2
       2
       0
       3
       4
       1
       1
       1
       1
       1
       2
       0
       1
       0
       0
       1
       0
       1
       1
       0
       3
       1
       0
       0
       0
       1
       0
       2
       0
       0
       0
       0
       1
       0
       0
       1
       2
       2
       1
       0
       1
       0
       3
       0
       1
       0
       0
       1
       0
       1
       0
       2
       1
       1
       3
       2
       1
       2
       4
       0
       1
       3
       0
       0
       1
       2
       2
       0
       1
       2
       1
       0
       3
       4
       1
       2
       0
       2
       0
       4
       4
       2
       0
       1
       2
       0
       0
       2
       2
       1
       3
       0
       2
       1
       0
       0
       0
       3
       0
       1
       1
       1
       0
       0
       1
       0
       1
       3
       0
       1
       0
       1
       1
       1
       1
       3
       3
       0
       3
       0
       3
       2
       1
       1
       3
       4
       1
       2
       2
       2
       0
       2
       0
       5
       2
       1
       1
       0
       4
       1
       3
       1
       2
       1
       2
       1
       3
       2
       3
       0
       3
       2
       3
       3
       6
       8
       5
       3
       2
       2
       2
       1
       2
       0
       2
       1
       1
       4
       1
       2
       2
       2
       2
       5
       4
       5
       4
       3
      12
       6
       9
       3
       4
       2
       7
       6
       3
       3
       6
       1
       5
       2
       5
       3
       4
       4
       3
       8
       8
       7
       6
       5
       5
       8
       5
       6
       3
       4
       6
       9
       8
       3
       8
       9
       6
       4
       3
       5
      12
      16
      11
       9
       9
      12
       8
       9
      12
       9
      11
      11
      10
      13
       5
      11
      13
      14
      12
       8
       5
      15
       7
      14
       9
      10
       6
       7
      12
       9
      11
       5
       7
      10
      12
      11
       9
      15
      14
      10
      19
      11
      14
       5
      12
      25
      20
      15
      12
       9
      12
       9
      11
      21
      12
      14
       6
       8
      12
      14
      10
      14
      16
       9
      16
       7
      10
      14
      12
       8
       5
      14
      13
      11
       7
      12
      10
       9
      16
       9
      14
       8
       6
       7
      12
      10
       9
      12
       6
       9
       8
      12
      13
      11
       7
       8
       7
      10
      12
       9
       4
       3
      10
       6
       7
      12
       8
       4
       8
      14
      11
      12
       8
       8
       5
       4
       5
       6
       6
       8
       4
       9
       5
       3
       7
       7
       6
       3
       3
       3
       3
       3
       2
       4
       6
       5
       1
       4
       6
       3
       1
       3
       5
       1
       1
       4
       3
       3
       3
       1
       0
       1
       1
       1
       1
       2
       2
       1
       2
       1
       1
       1
       0
       2
       4
       1
       0
       0
       0
       1
       4
       2
       0
       1
       2
       0
       2
       0
       2
       0
       2
       1
       3
       1
       1
       2
       4
       2
       0
       1
       0
       0
       0
       0
       0
       2
       0
       1
       0
       0
       1
       0
       0
       1
       0
       1
       0
       0
       0
       0
       1
       0
       1
       0
       1
       0
       1
       0
       0
       0
       0
       0
       0
       0
       0
       0
       1
       0
       0
       0
       0
       0
       0
       1
       0
       1
       0
       0
       0
       1
       0
       0
       0
       0
       1
       0
       1
       0
       1
       0
       0
       0
       0
       0
       0
       1
       1
       0
       0
       0
       0
       1
       0
       0
       0
       0
       0
       1
       0
       0
       0
       0
       0
       0
       0
       0
       0
       0
       0
       0
       0
       0
       1
       0
       0
       0
       0
       0
       0
       0
       0
       0
       0
       0
       0
       0
       1
       0
       0
       0
       0
       0
       0
       0
       0
       0
       0
       0
       0
       0
       0
       0
       0
       0
       0
       0
       0
       0
       0
       0
       0
       0
       0
       0
       0
       0
       0
       0
       0
       0
       0
       0
       0
       0
       0
       0
       0
       0
       0
       0
       0
       0
       0
       0
       0
       0
       0
       0
$ROI:
0
$PRESETS:
None
0
0
$ENER_FIT:
0.000000 0.722271
$MCA_CAL:
3
0.000000E+000 7.222707E-001 0.000000E+000 keV
$SHAPE_CAL:
3
0.000000E+000 0.000000E+000 0.000000E+000
