$SPEC_ID:
Recoil
$SPEC_REM:
DET# 3
DETDESC# JLAB-11 MCB 134
AP# Maestro Version 7.01
$DATE_MEA:
03/04/2025 16:40:29
$MEAS_TIM:
946 1018
$DATA:
0 2047
       0
       0
       0
       0
       0
       0
       0
       0
       0
       0
       0
      12
      80
      74
      34
      30
      13
      15
      14
      17
      15
      12
      22
      23
      25
      26
      34
      36
      42
      47
      67
      62
      72
      72
      71
      68
      96
      89
      91
     101
     100
     104
     108
      98
     112
      97
     106
      90
     121
      98
     105
      94
      90
     114
      78
      90
      80
      66
      58
      66
      77
      80
      61
      66
      64
      70
      78
      72
      48
      83
      51
      66
      57
      57
      57
      49
      44
      47
      56
      46
      59
      46
      49
      59
      57
      48
      45
      41
      53
      40
      35
      32
      31
      44
      28
      47
      39
      35
      41
      46
      30
      35
      34
      35
      25
      14
      31
      26
      19
      38
      27
      27
      22
      23
      23
      26
      27
      16
      27
      18
      27
      23
      21
      12
      31
      22
      15
      24
      23
      19
      11
      25
      24
      10
      17
      11
      16
      11
      14
      15
      19
      12
      16
      10
      14
      17
      15
      12
      10
      10
      19
      18
      11
      16
      12
      11
      10
      10
       7
       8
      11
      14
      10
      10
       9
      13
      12
      15
       8
      10
      18
      15
       8
       9
      13
      11
       9
      16
       7
       6
       8
       8
      11
       8
      15
      10
       9
      15
      19
      10
      14
      13
       7
      10
       6
      10
      12
      16
      12
       8
      11
      10
      13
      10
      13
       6
      15
      12
      11
       8
      12
      12
      11
      16
       6
      13
      12
      13
      15
       6
      13
       7
      11
      14
      12
      12
      15
       6
      11
       7
       8
      11
      10
      11
      10
      10
       4
      10
       9
      13
       9
      12
      10
      12
       7
       9
       9
      12
      12
       4
       6
       6
       8
      11
       5
      14
       9
       9
      13
      15
      14
       9
      13
       7
       9
       8
       8
       8
      10
      11
      15
       7
      12
       8
      11
       8
       9
      14
       8
       9
      10
       9
      13
       6
       8
      12
       7
       7
      11
      14
      12
      10
       6
       8
      11
       7
      10
       8
       9
      10
      12
      11
      10
       9
       9
      11
      13
       7
      16
      10
      10
       7
       5
      10
       4
       6
      10
      10
       8
       8
      11
       7
      10
       7
       7
       9
      11
       3
       8
       9
       9
      12
       9
       7
       9
       4
      13
      12
       7
      15
      15
      13
      13
      10
       7
       8
      11
      11
       9
      13
       9
      11
       6
       9
      13
       9
      11
       6
       9
       6
      12
       8
       6
       9
      10
      10
      10
      11
       9
       8
      16
       6
       6
      13
       9
       9
      12
       6
       8
      10
       8
      12
      10
       2
       5
       8
      10
       5
      11
       7
      10
      17
       7
       9
      10
       6
      11
       7
      11
      14
       7
       8
      12
       9
      12
       3
      10
      10
       1
       9
      12
       5
      10
       2
       7
      16
       5
      11
      15
       8
      12
       5
       4
       7
      14
       9
       8
       6
       9
       6
       7
       5
      12
       9
       5
       9
       6
      12
       6
      10
      10
      12
       9
      10
       8
      14
       8
      11
       6
       4
       7
      10
      10
       9
       7
       7
       5
       7
       9
      11
      10
       6
       7
       6
       8
       9
       9
      10
      10
       8
       7
      11
       6
       7
      16
       6
       9
       8
       7
       9
       9
       7
       7
      15
       5
       8
       4
      13
       8
       9
       5
      13
      10
       4
       7
       4
      13
       6
      10
      11
      14
       5
       8
       8
       9
      17
       9
      12
       7
       9
      14
      12
      11
      13
      10
       8
      10
       9
       6
       4
       6
      12
      16
      13
       6
       6
       7
       9
       8
      14
       8
       8
       8
       6
      15
      10
      13
      13
      14
       8
       9
      13
      10
       8
       7
      10
      13
       7
      15
      15
      14
       9
       9
       8
       8
       8
       8
      16
      16
       7
      10
      17
      11
       7
      11
      10
      10
       5
      13
       8
       8
      11
      10
      17
      11
       9
      12
       9
      15
       8
      12
      10
       8
       9
      13
       9
       8
       6
       4
      10
      16
       5
      13
       8
       6
       6
      10
       5
      10
       6
       5
       7
      10
      13
       8
       5
       7
      10
       7
       7
       8
      10
       5
       8
       6
      11
       4
       7
       6
      10
      14
       6
       8
       9
       9
       5
       5
       6
       5
      11
       9
       9
       8
       9
       9
       6
       9
       5
       5
      10
      10
       3
       7
      10
       8
      10
       7
       6
      13
       5
       8
       5
      12
       7
       5
       5
       6
       5
       9
       6
      11
       4
       4
       8
       6
       6
      10
       8
       5
       5
       7
      16
       7
      11
       2
       4
       5
       5
       6
       5
      10
       5
      10
       9
       5
       9
       3
       4
       8
      13
       8
       5
       5
       6
      10
       8
       7
      10
       9
       8
       7
       7
       8
       7
       9
       5
      12
      13
       5
      12
       4
      11
       7
       7
      10
       7
       5
      13
       6
       7
       4
       6
       9
       7
       6
       7
       5
       4
       7
      10
       8
       2
       6
       3
       6
       7
       5
       6
      10
       9
       9
       9
      12
       5
       9
       5
       2
       6
       8
       8
       7
      10
       6
       9
       5
       6
       4
       3
       8
       3
       5
       3
       7
       5
       7
       5
       5
       9
      12
       3
      12
       5
       9
       9
      11
       8
       6
      12
      13
       7
       3
       9
       8
       7
       8
       5
       3
       2
       5
       2
       5
      13
       9
      13
       6
      11
       8
       8
       7
       6
       8
       1
       5
      10
       9
       4
       5
       6
       8
      11
       5
       4
       3
       4
       5
       8
      10
       7
       6
       7
       3
       6
       6
       5
       1
       6
       8
       7
       9
       6
       7
       5
       6
       7
       5
       7
       2
       7
       4
      10
       9
       5
       2
       6
       9
       3
       5
       6
       9
       5
       7
       6
       8
       9
       7
       7
       4
       7
       4
       5
       6
       4
       4
       4
       8
       3
       5
       5
       6
       4
      12
       4
       4
       5
       4
       5
       5
       8
       3
       3
       5
       9
      14
       5
       5
       8
       9
       6
       9
       5
       1
       8
       9
       5
       6
       6
      11
       7
       4
       9
       5
      10
       1
       3
       8
       9
       3
       4
      11
       3
       4
       7
       3
       2
       5
       5
       3
       6
       5
      10
       8
       9
       5
       8
      11
       4
       8
       4
      11
       8
       6
       8
       1
       4
       9
       5
       7
       8
       5
       4
       6
       5
       9
       7
       3
       7
       6
       4
       5
       5
       2
       6
       6
       4
       4
       8
       7
       7
       3
       5
       7
       9
       9
       5
       6
       9
       3
       7
       9
       5
       2
       5
       2
       8
       5
       4
       8
       5
       5
       2
       4
       5
       8
       5
       3
       9
       7
       4
       5
      15
       3
       3
       1
       6
       8
       4
       4
       5
       7
       8
       7
       9
       7
       5
       9
       2
       3
       4
      10
       8
       6
      12
       6
       9
       6
       4
       4
       4
       8
       4
       6
       4
       6
       8
       5
       6
       2
       4
       7
       2
      13
       7
       8
       5
       5
       6
       4
       4
       2
       2
       3
       7
       4
       5
       1
       3
       4
       6
       3
       3
       5
       6
       5
       5
       5
       5
       6
       6
       7
       6
       4
       8
       7
       8
       2
       7
       5
       6
       2
       8
       6
       7
       9
       6
       5
       5
       4
       4
       9
       6
       3
       9
       7
       2
       2
       7
       3
       7
       1
       6
       3
       3
       6
       9
       5
       5
       4
       3
       7
       5
       9
       6
      11
       7
       4
       4
       6
       8
       4
       7
       6
      12
       3
       7
       5
       6
       7
      12
       4
       4
       8
       6
       5
       0
       7
       3
       7
       5
       3
       6
       4
       3
       3
       5
       4
       6
       8
       6
       5
      11
       5
       4
       2
       3
       6
       5
       3
       6
       5
       3
       2
       4
       6
       2
       6
       1
       6
       7
       3
       5
       5
       5
       1
       4
       3
       4
       7
       5
      10
       9
       3
       1
       8
       4
       6
       4
       5
       6
       5
       9
       1
       6
       5
       4
       7
       8
       4
       9
       4
       5
       4
       5
       7
       5
       3
       3
       8
       4
       3
       5
       5
       7
       7
       3
       5
       5
       4
       4
       7
       4
       0
       2
       6
       3
       6
       5
      10
       2
       5
       1
       3
       3
       1
       2
       5
       5
       5
       7
       6
       4
       3
       2
       1
       4
       3
       1
       8
       6
       0
       2
       6
       3
       3
       5
       3
       4
       1
       3
       4
       3
       3
       4
       1
       6
       3
       3
       1
       4
       7
       0
       4
       1
       3
       3
       1
       6
       3
       8
       4
       1
       2
       1
       4
       4
       1
       1
       2
       3
       1
       2
       5
       4
       0
       2
       1
       3
       3
       0
       4
       1
       0
       3
       6
       1
       2
       3
       0
       5
       5
       3
       4
       1
       5
       2
       6
       2
       0
       0
       4
       4
       4
       2
       2
       4
       3
       3
       1
       0
       3
       2
       1
       1
       1
       1
       2
       2
       1
       3
       4
       2
       1
       3
       0
       0
       5
       4
       3
       2
       3
       1
       3
       1
       6
       2
       0
       2
       2
       1
       1
       2
       2
       0
       0
       3
       6
       4
       3
       4
       3
       3
       0
       2
       3
       2
       3
       1
       1
       2
       0
       3
       2
       1
       1
       1
       0
       3
       0
       2
       0
       3
       2
       1
       1
       3
       1
       2
       4
       0
       1
       3
       1
       1
       1
       2
       1
       0
       0
       2
       4
       1
       3
       5
       3
       2
       1
       3
       2
       0
       2
       1
       2
       1
       2
       1
       0
       0
       0
       1
       2
       2
       6
       5
       1
       1
       2
       2
       2
       3
       0
       0
       0
       0
       3
       2
       3
       3
       1
       0
       1
       1
       0
       2
       2
       2
       1
       2
       4
       2
       3
       0
       1
       2
       2
       1
       1
       1
       1
       3
       1
       2
       1
       1
       2
       1
       0
       2
       0
       1
       1
       4
       0
       2
       1
       2
       2
       2
       1
       1
       0
       1
       1
       2
       1
       0
       1
       2
       0
       2
       1
       3
       2
       1
       3
       2
       1
       4
       1
       0
       2
       0
       0
       2
       2
       0
       3
       0
       2
       1
       1
       1
       3
       1
       0
       3
       1
       3
       3
       2
       2
       3
       1
       2
       1
       0
       0
       1
       1
       0
       1
       2
       2
       2
       3
       0
       2
       1
       2
       2
       1
       1
       2
       3
       1
       1
       1
       1
       2
       2
       1
       2
       2
       2
       1
       3
       2
       2
       2
       1
       2
       4
       1
       3
       0
       4
       3
       0
       1
       3
       2
       4
       1
       0
       1
       5
       1
       2
       4
       4
       2
       3
       1
       0
       3
       2
       2
       0
       2
       2
       2
       2
       3
       1
       2
       4
       3
       1
       1
       1
       2
       2
       0
       3
       3
       0
       2
       3
       3
       3
       1
       5
       0
       0
       3
       2
       1
       4
       2
       1
       2
       2
       5
       4
       3
       2
       2
       0
       0
       3
       3
       1
       2
       3
       4
       3
       4
       1
       2
       1
       2
       5
       2
       3
       1
       1
       3
       6
       0
       4
       3
       5
       2
       4
       2
       2
       1
       2
       2
       2
       2
       1
       4
       2
       2
       8
       3
       5
       4
       8
       4
      11
       3
       2
       3
       4
       8
       7
       6
       4
       4
       5
       6
       5
       8
       6
       4
       7
       4
       7
       4
       9
       7
       4
       7
      11
       6
      13
      10
      12
       6
       8
       8
       8
       6
       7
      10
      12
       9
      11
      16
      10
      12
       7
      16
       7
       7
      12
      13
       6
      11
      13
       8
      20
      12
      10
      12
      10
      14
      16
      16
      15
      14
      21
      11
      12
      10
      12
      15
      16
      15
      26
      19
      19
      14
      20
      10
      21
      22
      14
      21
      11
      19
       9
      16
      20
      14
      29
      12
      20
      18
      26
      17
      18
      18
      13
      30
      23
      20
      18
      26
      17
      23
      29
      23
      18
      19
      31
      27
      25
      20
      24
      10
      16
      23
      16
      24
      19
      19
      15
      21
      23
      25
      19
      22
      28
      22
      20
      21
      16
      20
      17
      22
      20
      17
      20
      13
      12
      20
      14
      19
      22
      17
      17
      20
      21
      20
      22
      13
      21
      12
      13
      11
      19
      15
      12
      11
      13
      10
      13
      10
       8
      11
      12
       9
      11
      10
      14
      10
      15
       8
      16
      11
       8
      20
      13
      16
       6
       9
      14
       9
      11
      14
      16
      10
      13
       7
       9
       6
       8
       0
       8
      10
       4
       5
       6
      11
       9
       2
       6
       4
       3
       3
       9
       3
       5
       3
       3
       2
       5
       0
       1
       7
       0
       6
       4
       1
       5
       3
       0
       3
       3
       2
       3
       1
       2
       2
       2
       3
       0
       2
       1
       4
       0
       0
       2
       0
       0
       2
       1
       2
       1
       1
       0
       1
       0
       0
       2
       2
       1
       0
       2
       0
       0
       0
       0
       0
       0
       0
       2
       2
       1
       1
       0
       0
       1
       0
       2
       0
       1
       0
       0
       1
       1
       1
       0
       0
       1
       0
       0
       0
       1
       2
       0
       2
       0
       0
       0
       0
       1
       1
       0
       0
       0
       0
       0
       0
       0
       0
       1
       0
       0
       0
       0
       0
       0
       0
       1
       1
       0
       1
       0
       0
       0
       0
       1
       0
       0
       0
       0
       0
       0
       0
       0
       0
       0
       0
       0
       0
       0
       0
       0
       0
       0
       0
       0
       0
       0
       0
       0
       0
       1
       1
       0
       0
       0
       0
       0
       0
       0
       0
       0
       0
       0
       0
       0
       0
       0
       0
       0
       0
       0
       0
       0
       0
       0
       0
       0
       0
       0
       0
       0
       0
       0
       0
       0
       0
       0
       0
       0
$ROI:
0
$PRESETS:
None
0
0
$ENER_FIT:
0.000000 0.722271
$MCA_CAL:
3
0.000000E+000 7.222707E-001 0.000000E+000 keV
$SHAPE_CAL:
3
0.000000E+000 0.000000E+000 0.000000E+000
