$SPEC_ID:
Recoil
$SPEC_REM:
DET# 3
DETDESC# JLAB-11 MCB 134
AP# Maestro Version 7.01
$DATE_MEA:
03/04/2025 15:49:09
$MEAS_TIM:
1620 1742
$DATA:
0 2047
       0
       0
       0
       0
       0
       0
       0
       0
       0
       0
       0
       9
      65
      46
      31
      14
      10
       1
       4
       0
       4
       0
       3
       0
       1
       0
       3
       3
       5
       2
       1
       4
       2
       0
       4
       2
       2
       0
       0
       2
       7
       3
       5
       4
       5
       3
       4
       1
       4
       2
       3
       2
       5
       2
       3
       2
       4
       4
       4
       1
       6
       1
       5
       1
       2
       4
       6
       3
       3
       3
       6
       4
       4
       6
       4
       5
       5
       5
       3
       5
       7
       4
       5
       5
       2
       5
       3
       4
       3
       7
       4
       5
       2
       5
       6
       3
       3
       7
       5
       6
       4
       3
       5
       0
       4
       4
       3
       2
       5
       3
       2
       4
       4
       2
       0
       4
       4
       5
       5
       5
       6
       2
       6
       4
       7
       3
       4
       6
       4
       3
       4
       5
       7
       1
       2
       6
       2
       6
       6
       3
       3
       3
       4
       7
       2
       2
       1
       3
       6
       3
       4
       7
       2
       5
       7
       6
       6
       4
       4
       5
       2
       3
       5
       6
       6
       6
       3
       5
       8
       5
       3
       5
       4
       4
       3
       2
       2
       1
       3
       3
       3
       2
       5
       6
       6
       4
       3
       5
       2
       6
       8
       3
       2
       7
       6
       4
       1
       2
       6
       5
       2
       3
       9
       3
       5
       8
       5
       5
       4
       7
       5
       5
       2
       5
       5
       1
       6
       4
       5
       3
       3
       8
       4
       3
       8
       2
      10
       5
       5
       4
       9
       0
       4
       8
       7
       4
       5
       3
       7
       8
       4
       2
       5
       3
       9
       4
       5
       7
       8
       4
       3
       6
       7
       4
       6
       5
       4
       5
       2
       2
       8
       6
       5
       2
       4
       4
       3
       5
       7
       2
       5
       5
       6
       8
       5
       5
       5
       4
       3
       4
       4
       8
       1
       7
       7
       3
       3
       3
       2
       8
      13
       4
       3
       2
       5
       6
       4
       4
       9
       8
       2
      10
       1
       5
       7
       2
       4
       8
       4
       7
       5
       4
       4
       7
       5
       7
       3
       8
       3
       0
       3
       2
       2
       6
       6
      13
       4
       6
       5
       5
       4
       3
       5
       5
       4
       6
       1
       9
       6
       5
       6
       6
       5
       7
       5
       6
       4
       5
       4
       5
       7
       7
       2
       5
       3
       4
       5
       4
      10
       5
       7
       9
       4
       7
       6
       1
       4
       6
       2
       6
       9
       5
       6
       6
       3
       3
       4
       6
       8
       4
      10
       4
       6
       8
       6
       4
       9
       5
       4
       6
       9
       8
       5
       7
       3
       5
       7
       7
       2
       8
       7
       7
       7
       8
       5
       3
       5
       8
       8
       8
       5
       5
       6
       5
       5
       5
       5
       0
       6
       3
       6
       7
       4
       5
       1
       2
       3
       5
       3
       4
       6
       8
       6
       7
       3
       5
       4
       2
       0
       3
       4
       3
       4
       7
       7
      10
       5
       2
       4
       5
       4
       3
       3
       3
       7
       5
       4
       8
       2
      12
       8
       7
       5
       4
       4
       7
       3
       2
       3
       4
       4
      10
       5
       5
       7
       5
       5
       3
       3
       3
       3
       4
       4
       6
       2
       6
       5
       7
       5
       4
       5
       4
       6
       5
       4
       6
       4
       4
       8
       6
       4
       5
       3
       6
       4
       2
       4
       7
       7
       1
       6
       5
       3
       7
       1
       8
       4
       5
       8
       2
       5
       6
       8
       7
       0
       7
       6
       9
       3
       3
       6
       3
       4
       2
       5
       3
       2
       2
       9
       5
       5
       8
       5
       7
       6
       2
       3
       6
       4
       3
       6
       6
       7
       3
      12
       3
       8
       8
       5
       5
       7
       3
       9
       4
       8
       3
       5
       8
       6
       7
       6
       5
       3
       5
       7
       5
      11
       6
       4
      11
       3
       7
       6
       9
       4
       4
       6
       5
       5
       6
       2
       6
       4
       4
       6
       3
       5
       3
       4
       6
       3
       6
       6
       4
       6
       4
       8
       7
       9
       2
       3
       9
       7
       7
       5
       4
       5
       2
       7
       8
       3
       4
       5
       3
       5
       4
       5
       5
       8
       4
       4
       8
       9
       4
       3
       3
       2
       8
       4
       3
       3
       6
       3
       4
       8
       5
       7
       7
       2
       3
       9
       6
       6
       1
       5
       5
       8
       3
       5
       4
       6
      11
       8
       8
       3
       6
       5
       3
       4
       4
       5
       7
       6
       4
       5
       9
       6
       7
       8
       4
       8
       5
       7
      12
       7
       6
       9
       3
       3
      11
       1
       5
       1
       5
       4
       4
       8
       5
       6
       6
       3
       9
       6
       7
       6
       6
       5
       4
       9
       7
       8
       2
       4
       8
       4
       5
       9
       7
       6
       5
       8
       6
       5
       6
       4
       3
       3
       3
       7
       7
       5
       9
       5
       3
       4
       3
       6
       4
       3
       3
       4
       2
       4
       5
       5
       8
       7
       3
       4
       1
       4
       5
      10
       4
       6
       3
       4
       2
       5
       6
       4
       8
       4
       3
       7
       6
       4
       5
       5
       7
       8
       4
       6
       2
       4
       5
       3
       4
       3
       5
       8
       8
       4
       7
       5
       7
      11
       5
       8
       6
       2
       3
       5
       3
      10
       6
       5
       1
       4
       8
       6
       2
       5
       3
       4
       3
       5
       0
       2
       6
       4
       6
       7
       3
      11
       4
       6
       4
       8
       5
       8
       6
       3
       3
       5
       5
       4
       9
       5
       9
       4
       3
       4
       6
       6
       3
       3
       2
       5
       6
       5
       6
       6
       7
       6
       8
       5
       5
       4
       4
       4
       6
       5
       6
       6
       3
       3
       7
       7
       5
       8
       6
       5
       4
       6
       5
       2
       7
       8
       8
       8
       5
       8
       6
       7
       2
       4
       4
       8
       7
       5
       5
       7
       2
       2
       3
       5
       9
       7
       6
       6
       5
       5
       3
       6
       3
       8
       5
       5
       4
       4
       7
       4
       9
       4
       5
       5
       3
       6
       8
       6
       5
       7
       8
       9
       5
       6
       9
       5
       9
      10
       7
       5
       6
       6
       8
       8
       3
       9
       6
       4
       4
       4
       7
       7
       7
       7
      10
      10
       3
       8
      10
       2
       2
       4
       8
       7
       6
       4
       4
       8
      11
       9
       7
       9
       7
       6
       3
       7
      11
      13
       1
       4
      11
       5
       9
       2
      11
      14
       9
       5
      10
       9
       6
       9
       5
       8
       6
       5
       4
       3
       6
       9
       5
       9
       7
      14
       5
       8
       6
      14
       7
      10
       5
      10
      10
       6
       8
      12
       7
      11
      16
      11
      17
       6
       7
       6
      12
       8
       9
       8
      10
      13
       9
      11
      10
       7
       9
       8
      12
       8
       8
       7
      10
       8
      15
       8
       8
       9
       6
       5
       5
      14
      16
      13
       3
      15
       9
      11
      17
      14
      10
      22
       2
      12
      11
       8
      17
      19
      10
      16
      10
      12
      13
      12
      17
      14
      15
      12
      21
      19
      16
      18
      16
      14
      18
      19
      14
      19
      10
      15
      14
      13
      17
      16
      15
      14
      17
      23
      17
      13
      20
      20
      12
      17
      17
      13
      11
      16
      16
      23
      20
      23
      22
      10
      23
      15
      19
      15
      26
      18
      22
      30
      19
      23
      14
      22
      10
      18
      18
      20
      27
      22
      19
      13
      16
      22
      31
      14
      23
      19
      23
      22
      22
      22
      20
      14
      23
      20
      21
      20
      25
      24
      30
      18
      19
      18
      25
      22
      21
      22
      26
      21
      27
      10
      15
      16
      13
      15
      22
      24
      24
      15
      18
      21
      13
      14
      11
      23
      15
      18
      13
      15
      12
      16
      15
      24
      10
      18
      16
      14
      13
      14
       8
      19
      17
      13
       8
      13
      11
       5
      11
       7
      11
       6
      15
       7
       9
       9
       6
      11
       7
      15
      11
       8
      11
      12
      10
      11
       9
       9
      12
       7
      11
       6
       8
       8
       9
       8
       7
       4
       2
       6
       7
       6
       9
       6
       4
       8
       3
      11
       9
       6
       7
       4
       3
       8
       7
       6
       6
       3
       3
       6
       9
       7
       4
       6
       1
       5
       5
       4
       4
       8
       3
      10
       3
       3
       5
       6
       2
       8
       2
       4
       0
       7
       7
       3
       5
       2
       4
       3
       3
       2
       2
       1
       3
       4
       2
       2
       1
       4
       2
       3
       7
       4
       2
       2
       1
       6
       2
       2
       3
       3
       5
       2
       2
       3
       3
       1
       3
       2
       4
       2
       4
       3
       1
       1
       4
       3
       0
       1
       1
       0
       3
       2
       6
       3
       1
       2
       3
       1
       4
       1
       1
       1
       2
       3
       2
       2
       1
       3
       2
       3
       2
       1
       2
       0
       2
       3
       0
       4
       5
       1
       0
       0
       0
       2
       1
       1
       1
       1
       1
       1
       2
       1
       3
       0
       1
       1
       1
       1
       0
       2
       3
       1
       2
       0
       3
       3
       3
       1
       1
       0
       1
       2
       1
       0
       1
       0
       2
       0
       1
       3
       0
       2
       1
       1
       2
       1
       3
       1
       0
       0
       5
       0
       0
       1
       3
       1
       1
       0
       1
       0
       0
       1
       3
       0
       1
       1
       1
       5
       1
       5
       0
       1
       5
       0
       0
       2
       2
       2
       1
       2
       4
       0
       0
       3
       0
       0
       1
       3
       4
       1
       1
       3
       2
       0
       2
       1
       0
       0
       0
       0
       1
       1
       0
       4
       1
       1
       1
       0
       0
       1
       1
       0
       0
       0
       1
       0
       0
       0
       3
       1
       0
       1
       1
       1
       0
       2
       4
       0
       2
       0
       0
       2
       0
       3
       0
       0
       1
       0
       1
       2
       0
       2
       3
       2
       3
       3
       4
       3
       4
       1
       0
       0
       0
       0
       1
       1
       0
       1
       0
       0
       0
       2
       4
       1
       0
       1
       1
       0
       2
       1
       0
       2
       1
       0
       0
       0
       1
       1
       0
       3
       1
       2
       0
       1
       1
       1
       1
       2
       1
       0
       1
       0
       0
       3
       1
       1
       2
       1
       2
       0
       0
       2
       1
       2
       2
       0
       2
       3
       0
       1
       1
       0
       0
       0
       3
       1
       0
       3
       3
       0
       2
       1
       1
       1
       0
       0
       2
       0
       2
       2
       1
       1
       1
       2
       3
       0
       1
       1
       0
       1
       1
       1
       2
       0
       2
       1
       2
       3
       1
       1
       0
       3
       1
       0
       0
       2
       1
       1
       3
       2
       2
       1
       0
       1
       1
       1
       2
       2
       4
       2
       2
       2
       1
       3
       1
       4
       0
       1
       1
       1
       1
       4
       1
       0
       4
       3
       3
       0
       0
       4
       0
       2
       2
       3
       4
       1
       1
       4
       1
       3
       2
       0
       4
       6
       2
       2
       1
       3
       2
       7
       0
       3
       2
       2
       1
       2
       4
       4
       1
       3
       5
       4
       5
       2
       5
       7
       3
       4
       5
       6
       5
       2
       6
       8
       1
       5
       2
       3
       4
       5
       3
       4
      10
       8
       7
       3
       0
       8
       7
      10
       8
       6
       5
       8
       7
       8
       4
      10
      12
       7
       6
       9
       9
      10
      12
       5
       9
       9
      13
      11
      10
       4
      10
      12
      10
       7
      11
       9
      10
      16
      10
       8
       9
      15
       3
      13
      10
      10
       9
      15
       9
      14
      14
      12
      11
      10
      11
      15
       9
      12
      11
      11
      13
      14
      14
       7
      14
      19
      10
      15
      13
       9
      12
      13
      13
      15
      15
      11
      16
      21
      10
      18
      12
      16
      14
      17
       8
       9
      16
      11
      13
      19
      14
      15
      15
      16
      19
      12
      13
      11
      15
      17
      10
      19
      17
      21
      13
      14
      11
      10
      16
       9
      21
      22
      15
      14
       7
      18
      16
       8
      12
      12
      19
      13
      16
      13
       8
      23
      17
      11
      19
      10
       9
      12
       7
      14
       8
      11
      14
      10
      11
      10
      15
       9
       7
       6
       8
      10
      13
       7
       5
       9
       8
      12
      10
      10
       6
       6
       9
       3
       4
       7
      10
       8
       4
       2
       4
      10
       4
       2
       4
       3
       6
       5
       5
       7
       7
       5
       3
       4
       3
       6
       4
       4
       5
       5
       2
       6
       1
       7
       0
       2
       2
       2
       3
       3
       3
       2
       0
       3
       2
       0
       4
       1
       1
       0
       0
       4
       1
       3
       0
       0
       0
       0
       2
       3
       0
       0
       1
       0
       1
       1
       0
       3
       1
       0
       0
       2
       0
       0
       0
       1
       0
       0
       0
       2
       1
       0
       0
       0
       0
       0
       1
       0
       0
       1
       1
       1
       0
       1
       2
       1
       1
       2
       0
       0
       0
       0
       0
       1
       0
       0
       0
       0
       0
       0
       0
       0
       0
       0
       1
       0
       0
       1
       0
       0
       1
       0
       0
       0
       0
       0
       0
       0
       0
       0
       1
       0
       0
       0
       0
       0
       0
       0
       0
       0
       0
       0
       0
       0
       0
       1
       0
       0
       1
       0
       0
       0
       0
       0
       0
       0
       0
       0
       0
       0
       0
       0
       0
       0
       0
       0
       0
       0
       0
       0
       0
       0
       0
       1
       0
       1
       0
       0
       0
       0
       0
       0
       0
       0
       0
       1
       0
       0
       0
       0
       0
       0
       0
       0
       0
       0
       0
       0
       0
       0
       0
       0
       0
       0
       0
       0
       0
       0
       0
       0
       0
       0
       0
       0
       0
       0
       0
       0
       0
$ROI:
0
$PRESETS:
None
0
0
$ENER_FIT:
0.000000 0.722271
$MCA_CAL:
3
0.000000E+000 7.222707E-001 0.000000E+000 keV
$SHAPE_CAL:
3
0.000000E+000 0.000000E+000 0.000000E+000
