$SPEC_ID:
Recoil
$SPEC_REM:
DET# 3
DETDESC# JLAB-11 MCB 134
AP# Maestro Version 7.01
$DATE_MEA:
03/04/2025 16:18:36
$MEAS_TIM:
1137 1223
$DATA:
0 2047
       0
       0
       0
       0
       0
       0
       0
       0
       0
       0
       0
       9
      41
      41
      28
      10
      10
       3
       3
       2
       2
       2
       1
       4
       3
       2
       2
       3
       8
       3
       2
       1
       6
       1
       3
       8
       5
       6
       8
       5
       4
       4
       4
       4
       9
       7
       6
       8
      10
       9
       8
       6
      10
       6
      13
       6
      11
       8
       3
       7
       6
      11
       8
      12
       6
      10
       8
       8
      12
      13
      17
      16
      10
      11
      13
       6
      16
      17
      13
       9
      19
      14
      17
      13
      21
      17
      20
       6
      21
      23
      22
      18
      18
      29
      13
      23
      12
      14
      19
      24
      20
      21
      14
      27
      21
      22
      37
      26
      21
      23
      21
      18
      30
      25
      20
      37
      23
      22
      26
      20
      21
      29
      25
      23
      27
      24
      32
      40
      22
      23
      28
      33
      27
      34
      29
      32
      31
      35
      33
      29
      33
      39
      36
      27
      26
      31
      45
      41
      28
      38
      35
      32
      36
      38
      27
      44
      37
      38
      39
      32
      37
      33
      34
      34
      40
      43
      35
      30
      40
      42
      32
      43
      42
      45
      29
      39
      45
      40
      44
      41
      35
      42
      42
      35
      31
      35
      42
      39
      46
      35
      53
      45
      32
      34
      33
      47
      33
      47
      32
      59
      43
      40
      32
      50
      46
      49
      41
      44
      46
      33
      47
      47
      43
      56
      41
      46
      52
      40
      46
      49
      50
      47
      49
      49
      34
      59
      54
      41
      50
      36
      49
      48
      35
      43
      48
      28
      37
      49
      33
      48
      43
      36
      34
      40
      47
      40
      45
      36
      42
      35
      45
      46
      40
      42
      31
      46
      37
      32
      48
      36
      49
      38
      41
      31
      48
      38
      33
      40
      44
      37
      41
      30
      49
      31
      37
      36
      29
      38
      45
      47
      32
      41
      47
      42
      35
      44
      37
      41
      30
      35
      46
      32
      44
      37
      40
      37
      34
      33
      32
      30
      35
      36
      36
      28
      26
      36
      37
      33
      29
      40
      26
      27
      22
      34
      28
      31
      31
      25
      28
      33
      25
      37
      32
      32
      28
      36
      25
      23
      30
      34
      35
      33
      36
      28
      44
      31
      31
      27
      30
      27
      33
      29
      27
      30
      37
      29
      25
      25
      34
      29
      29
      28
      22
      24
      21
      23
      30
      35
      21
      40
      20
      16
      31
      24
      29
      22
      17
      28
      31
      24
      18
      21
      24
      27
      22
      20
      27
      23
      25
      14
      18
      20
      10
      18
      23
      21
      21
      22
      21
      19
      22
      24
      24
      17
      27
      25
      18
      19
      13
      17
      21
      22
      16
      17
      13
      23
      18
      17
      28
      17
      17
      15
      18
      21
      15
      12
      16
      24
      16
      19
      15
      26
      15
      16
      16
      13
      20
      17
      15
      17
      17
      18
      16
      12
      18
      15
      18
      19
      10
      14
      26
      12
      21
      15
      14
      14
       9
      18
      13
      10
       8
      15
      15
      16
       9
      13
      11
      12
      14
      13
      13
      14
      10
      13
      12
      14
       5
      11
       9
      10
      10
       7
      10
      12
      14
       7
      13
       8
      15
       6
       5
      15
      10
       7
      15
      14
      10
      10
      14
       9
      10
      12
      13
      13
       8
      16
       8
      14
       7
      15
       7
      11
       9
      10
      13
      11
      12
      16
      11
      11
       3
       5
      13
       7
      12
       8
       7
       7
      12
       5
      15
       7
       6
      11
       6
      11
      12
       9
       8
       9
       6
      12
       6
       9
      10
       7
      10
       9
       8
       5
       4
      11
       7
       5
      11
      12
       9
      15
       4
       5
      12
       7
       5
       6
       7
       7
       9
      14
       6
       5
       6
       8
      12
       3
       8
       7
       5
       7
       9
       9
       9
      10
       4
       6
       7
       9
      11
      10
       7
       9
       8
       9
       7
       8
       7
       6
       6
       8
       5
      11
       5
      12
       5
       5
       5
       7
       3
      10
       9
       6
       7
       4
      10
      11
       4
       8
       2
       6
       8
       2
       2
       5
       5
       6
      10
       9
       3
       9
       7
       1
       3
       7
       6
       7
       4
       7
       8
       8
       6
       5
       4
       7
       8
       4
       3
       8
       7
       7
       5
       6
       5
       9
      12
       8
      10
       9
       5
       9
       3
      12
       2
       2
       3
       8
       6
       6
       6
       6
       3
       8
       3
       5
       8
       5
       9
       7
       7
      10
      16
       6
       3
      11
       7
      11
      10
       5
       6
      10
       9
       6
       7
       5
       5
      10
       4
       5
       5
       7
       4
       5
       3
       5
       6
       7
       7
       8
       5
       6
       7
      10
       6
       5
       8
       6
       4
       7
       7
       6
       8
       4
       2
       4
       9
       7
       4
       7
       6
       5
       7
       5
       9
       8
       4
       6
       2
       6
       6
       3
       5
       3
       4
      10
       4
       7
       6
      10
       7
       2
       1
       5
       7
       1
       6
       8
       4
       5
       3
       9
       7
       5
       7
       7
       0
       6
       6
       3
       6
       6
       8
      11
       8
       8
       2
       1
       6
       2
       4
       6
       4
       2
       6
       7
       7
       7
       4
       3
       4
       9
       8
       9
      13
       7
       6
       7
       9
       2
       3
       3
       4
       2
       6
       6
       2
       4
       2
       8
       7
       5
       4
      11
       7
       3
       7
       0
       3
       4
       2
       4
       5
       5
       4
       7
       3
       7
       3
       3
       9
       4
       3
       5
       9
       3
       2
       3
       5
       7
       5
       4
      10
       6
       6
       3
       5
       5
       5
       5
       5
       8
       2
       8
       5
       4
       4
       5
       2
       1
       5
       5
       3
       5
       4
       4
       7
       7
       5
       4
       5
       3
       7
       1
       6
       8
       3
       8
       4
       7
       5
       6
       7
       4
       6
       7
       8
       5
       4
      10
       6
       5
       5
       4
       2
       5
       4
       7
       2
       2
       1
       3
       5
       3
       5
       1
       9
       3
       4
       4
       4
       8
       7
       6
       2
       7
       6
       6
       7
       5
       2
       6
       4
       2
      10
       6
       2
       4
       5
       5
       4
       6
       3
       6
       5
       3
       4
       8
       1
       6
       4
       4
       6
       3
       7
       7
       3
       2
       4
       5
       2
       5
       8
       9
       5
       9
       2
       5
       5
       6
       4
       8
       3
       4
       4
       8
       5
       6
       7
       3
       4
       0
       2
      10
       6
       7
       9
       7
       2
       5
       8
       6
       3
       9
       6
       4
       6
       4
       4
       1
       6
       8
       5
       2
       4
       8
       3
       4
       3
       4
       3
       3
       4
       5
       4
       6
       5
       5
       3
       3
       2
       3
       5
       5
       9
       3
       8
       7
       2
       4
       3
       3
       2
       6
       1
       6
       5
       4
       5
       3
       4
       4
       3
       2
       3
       6
       5
       5
       7
       0
       2
       4
       5
       4
       6
       8
       4
       4
       5
       4
       5
       4
       3
       2
       4
       8
       4
       5
       6
       3
       5
       2
       5
       4
       1
       6
       8
       3
       6
       5
       3
       0
       5
       1
       3
       2
       2
       4
       0
       4
       4
       1
       0
       4
       3
       0
       2
       6
       3
       2
       2
       3
       4
       1
       5
       3
       4
       5
       4
       1
       2
       3
       5
       0
       4
       2
       0
       7
       2
       4
       1
       2
       2
      11
       2
       6
       1
       2
       4
       0
       3
       5
       5
       3
       3
       1
       3
       1
       3
       5
       5
       1
       3
       6
       3
       4
       4
       1
       6
       4
       3
       5
       3
       4
       5
       1
       9
       2
       2
       1
       2
       1
       5
       6
       3
       3
       2
       6
       3
       4
       3
       1
       3
       5
       3
       2
       5
       3
       5
       4
       4
       7
       2
       2
       4
       2
       6
       3
       1
       5
       0
       2
       2
       3
       3
       3
       2
       5
       2
       3
       9
       2
       2
       2
       4
       2
       1
       3
       4
       4
       1
       3
       2
       3
       5
       2
       3
       1
       1
       2
       1
       5
       2
       1
       2
       2
       4
       1
      11
       1
       1
       1
       0
       4
       6
       1
       3
       3
       2
       5
       6
       1
       2
       1
       4
       1
       1
       3
       4
       3
       1
       3
       2
       4
       3
       2
       4
       2
       4
       3
       5
       1
       4
       1
       0
       3
       4
       2
       3
       2
       0
       3
       3
       3
       0
       2
       4
       1
       2
       0
       1
       5
       1
       0
       2
       0
       0
       1
       2
       2
       1
       1
       0
       1
       4
       0
       3
       2
       2
       1
       2
       1
       0
       1
       2
       0
       1
       4
       3
       2
       1
       1
       1
       1
       2
       1
       1
       0
       4
       2
       3
       1
       1
       0
       0
       2
       1
       0
       1
       2
       0
       3
       1
       3
       3
       0
       5
       2
       0
       2
       4
       2
       1
       1
       1
       1
       0
       1
       0
       1
       1
       1
       1
       0
       2
       2
       1
       1
       2
       1
       2
       1
       1
       0
       0
       0
       0
       1
       0
       2
       1
       0
       1
       4
       0
       0
       1
       1
       2
       3
       3
       1
       0
       1
       3
       1
       1
       2
       2
       1
       0
       0
       1
       2
       0
       1
       0
       1
       2
       2
       0
       3
       1
       1
       3
       1
       2
       1
       3
       1
       0
       0
       2
       1
       2
       1
       2
       2
       0
       0
       0
       1
       0
       0
       0
       0
       0
       0
       2
       0
       1
       1
       2
       1
       0
       2
       1
       0
       0
       2
       0
       0
       2
       0
       0
       1
       5
       1
       3
       3
       1
       0
       1
       1
       0
       0
       2
       2
       2
       2
       1
       0
       1
       0
       1
       3
       1
       2
       0
       0
       0
       0
       0
       1
       1
       1
       1
       1
       2
       0
       1
       1
       0
       1
       0
       4
       0
       3
       2
       0
       2
       0
       0
       1
       0
       0
       0
       1
       3
       0
       1
       0
       0
       0
       1
       0
       2
       3
       0
       1
       0
       0
       0
       2
       2
       1
       0
       0
       1
       1
       1
       1
       1
       0
       1
       0
       1
       5
       3
       1
       0
       1
       0
       0
       0
       1
       0
       2
       2
       1
       0
       0
       2
       1
       0
       0
       0
       1
       1
       1
       1
       1
       2
       0
       4
       1
       1
       1
       0
       1
       1
       1
       0
       1
       1
       0
       1
       1
       0
       1
       1
       1
       1
       1
       3
       1
       0
       0
       1
       1
       0
       0
       0
       0
       1
       0
       0
       0
       0
       0
       3
       0
       1
       0
       0
       2
       3
       3
       0
       0
       1
       1
       0
       0
       1
       3
       1
       0
       2
       0
       2
       1
       0
       1
       0
       0
       0
       2
       0
       3
       0
       0
       1
       2
       2
       0
       3
       1
       2
       2
       2
       0
       3
       0
       2
       0
       1
       1
       0
       0
       2
       1
       0
       2
       2
       1
       0
       2
       2
       1
       2
       1
       2
       1
       3
       2
       0
       0
       2
       0
       1
       0
       1
       1
       3
       1
       2
       4
       1
       1
       1
       2
       3
       1
       2
       1
       1
       2
       2
       2
       0
       2
       1
       3
       1
       3
       3
       2
       1
       2
       4
       3
       3
       8
       3
       4
       4
       7
       4
       4
       3
       5
       2
       3
       3
       3
       3
       6
       3
       6
       5
       3
       2
       2
       4
       5
       2
       3
       5
       2
       4
       6
       4
       8
       8
       3
       5
       2
       5
       6
       4
       5
       2
       9
       5
       4
       5
       7
      10
       3
       4
       4
      10
       4
       7
       6
       4
       5
       8
       8
       6
       5
       7
      15
       6
       8
       5
       8
      10
       8
      11
       3
      11
       8
       6
       6
       7
       5
       7
       7
       4
       4
       7
      11
      12
       8
       6
       8
      10
       7
       9
       4
      13
      11
      12
       7
      10
       5
      14
       7
      11
      16
      10
       9
       7
       9
       4
       8
       6
      10
       6
      13
       8
       6
      13
       9
      14
       8
      11
      10
      15
      12
      11
       9
      10
       5
      10
       6
       6
       7
       8
       9
      12
       8
       6
      10
       9
       8
       6
       6
       7
      10
       9
      13
      12
       5
       9
      11
       5
      12
       6
       7
       4
       7
       1
       9
       5
       6
       9
       7
       9
      12
      10
       4
       4
       6
       8
       6
       6
       5
       7
       5
       9
       5
       4
       7
       6
       2
       7
       3
       4
       2
       6
       4
       3
       4
       2
       3
       1
       5
       3
       1
       5
       2
       5
       4
       2
       2
       9
       3
       3
       4
       1
       3
       2
       2
       4
       0
       0
       3
       2
       0
       1
       3
       3
       1
       1
       2
       1
       0
       2
       2
       2
       0
       1
       1
       1
       1
       0
       0
       0
       0
       1
       5
       2
       2
       1
       1
       1
       0
       0
       0
       1
       1
       0
       0
       1
       1
       1
       1
       0
       2
       0
       2
       0
       0
       0
       0
       0
       2
       1
       1
       0
       0
       1
       0
       0
       0
       1
       0
       0
       0
       0
       0
       1
       0
       0
       0
       0
       0
       0
       0
       0
       0
       1
       1
       0
       0
       0
       1
       0
       1
       1
       1
       1
       1
       2
       0
       0
       0
       0
       0
       2
       0
       0
       0
       1
       0
       0
       0
       0
       0
       0
       0
       1
       0
       1
       1
       0
       1
       1
       0
       1
       0
       0
       0
       0
       0
       0
       1
       0
       0
       0
       0
       0
       0
       0
       0
       0
       0
       0
       1
       1
       1
       0
       0
       0
       0
       1
       0
       0
       0
       0
       0
       0
       0
       0
       0
       0
       0
       0
       0
       0
       0
       0
       0
       0
       0
       0
       0
       0
       0
       0
       0
       0
       0
       0
       0
       0
       0
       0
       0
$ROI:
0
$PRESETS:
None
0
0
$ENER_FIT:
0.000000 0.722271
$MCA_CAL:
3
0.000000E+000 7.222707E-001 0.000000E+000 keV
$SHAPE_CAL:
3
0.000000E+000 0.000000E+000 0.000000E+000
