$SPEC_ID:
Recoil
$SPEC_REM:
DET# 3
DETDESC# JLAB-11 MCB 134
AP# Maestro Version 7.01
$DATE_MEA:
03/04/2025 14:47:54
$MEAS_TIM:
1768 1900
$DATA:
0 2047
       0
       0
       0
       0
       0
       0
       0
       0
       0
       0
       0
       1
      33
      31
      17
      11
       3
       1
       2
       4
       0
       2
       5
       2
       2
       2
       5
       2
       4
       5
       3
       3
       1
       4
       5
       1
       6
       6
       2
       3
       3
       4
       6
       4
       2
       6
       3
       1
       3
       1
       5
       3
       8
       3
       7
       5
       4
       5
       2
       5
       5
       7
       1
       4
       3
       2
       3
       3
       2
       5
       4
       2
       4
       7
       1
       5
       3
       6
       3
       3
       3
       7
       4
       1
       5
       5
       7
       1
       5
       2
       4
       4
       3
       7
       3
       4
       1
       4
       3
       6
       7
       0
       2
       3
       5
       2
       4
       2
       4
       4
       4
       2
       4
       4
       5
       6
       7
       5
       3
       1
       7
       2
       5
       7
       4
       5
       2
       5
       5
       2
       2
       2
       1
       3
       3
       4
       2
      11
       6
       4
      10
       2
       3
       5
       4
       6
       5
       3
       3
       6
       8
       2
       5
       2
       6
       4
       0
       2
       4
       2
       2
       7
       5
       2
       4
       7
       4
       5
       5
       5
       4
       7
       8
       7
       5
       7
       5
       3
       4
       6
       3
       4
       2
       5
       4
       3
       6
       3
      12
       1
       4
       7
       3
       5
       3
       5
       3
       4
       6
       5
       8
       6
       5
       3
       3
       5
       6
       5
       4
       4
       6
       5
       3
       4
      10
       3
       8
       2
       5
       5
       4
       3
       6
       4
       3
       5
       2
       4
       8
       1
       3
       1
      11
       1
       4
       2
       4
       5
       2
       2
       5
       7
       9
       3
       4
       5
       7
       6
       9
       5
       8
       5
       3
       4
       7
       2
       5
       6
       5
       8
       2
       4
       4
       7
       4
       7
       7
       1
       3
       1
       4
       7
       2
       2
       3
       7
       2
       6
       5
       5
       3
       5
       3
       2
       3
       5
       6
       8
       3
       2
       3
       6
       5
       9
       5
       4
       2
       7
       5
       6
       6
       6
       6
       7
       4
       4
       4
       5
       5
       5
       6
       3
       7
       5
       5
       5
       7
       5
       3
       1
       3
       4
       8
      10
       9
       5
       5
       7
       7
       6
       5
       8
       6
       7
       5
       3
       0
       4
       3
       4
       5
       7
       4
       9
       5
       4
       6
       9
       5
       2
       7
       2
       5
       8
       7
       2
       5
       8
       3
       2
       7
       5
       6
       5
       7
       7
       6
       2
       5
       9
       7
       5
       3
       6
       8
       6
       5
       3
       4
       3
       3
      11
       2
       2
       3
       0
       3
       1
       4
       7
       5
       3
       9
       5
       5
       4
       4
       4
       6
       5
       2
       3
      10
       4
       5
       4
       5
       2
       3
       6
       7
       7
       2
       3
       7
       2
       3
      11
       5
       6
       7
       6
       4
       5
       6
      10
       2
       7
       1
       3
      11
       3
       7
       3
       6
       7
       7
       7
       4
       1
       5
       4
       8
       4
       5
       3
       1
       1
      10
       5
       6
       5
       8
       4
       6
       7
       3
       8
      12
       5
       5
      14
       6
       3
       5
       5
       6
       4
       4
       8
       2
       6
       5
       5
       7
       6
       8
      10
       0
       6
       5
      11
       4
       4
       7
       6
       5
       7
       9
       6
       7
       9
       6
       6
       7
       4
       6
       7
       7
       4
       7
       5
       5
       3
       7
       7
       2
       7
       3
       7
       9
       4
       7
       5
       3
       4
       7
       8
       6
      10
       4
       7
       6
       4
       8
       5
       9
       6
       9
       9
       8
       4
       9
       8
       8
       5
       9
       4
       3
       5
       5
       7
       3
       5
       2
       5
       4
       9
       6
       8
       5
       6
       6
       7
       2
       7
       9
       6
       8
       7
      11
       7
       8
       3
      11
       3
       8
       6
       3
       5
       7
       8
       3
       6
       6
       7
       6
       6
       9
       5
       2
       2
       6
       7
       6
      10
       9
       3
       8
       6
      13
       6
       8
       5
       7
       3
       9
       6
       3
       7
       8
      10
       8
       8
      15
       4
       4
       8
       4
       9
       8
       9
       5
       5
       9
       7
       9
       2
       9
       5
       6
       9
       7
       5
       7
      10
       6
       5
       3
       3
       4
       4
       6
       3
       6
       5
      10
       8
       8
       3
       5
       6
       6
       7
       7
       6
       7
       6
       9
       8
       3
       6
       7
       7
       3
       5
       3
       8
       9
       5
       9
      11
       6
       4
      10
       9
       2
       7
       7
       5
       8
       5
       3
       6
      15
       5
       5
       4
       7
       7
       8
       9
       5
      11
       7
       8
       7
       7
       4
      12
       5
      11
       4
       7
      10
      10
       5
       2
      13
       6
      11
      10
       8
       8
      10
       8
       8
      10
      10
       6
      14
       5
       7
       5
       6
       6
       7
      10
       9
       8
       9
       9
       5
       8
       6
       5
       4
       7
       3
       5
       8
      10
       6
       5
       8
       8
      13
       8
      11
       7
       8
       2
       9
      14
       8
       9
      11
      10
       7
       7
      10
      13
       5
      11
      14
       6
      12
      12
       9
      10
      11
       8
       7
      13
      10
       9
      16
      11
       6
       7
      15
       6
      12
       8
       3
       7
       9
      13
       9
       5
      12
      11
      13
       9
       6
       7
      10
       8
       6
       9
      11
       7
      10
      13
      10
       9
      11
       8
       9
      11
       8
       9
       6
       9
      10
      14
       6
      19
      10
      11
       8
      16
       8
      11
      15
      13
      10
      12
      13
      15
      18
      16
      11
      10
      12
      10
      13
      18
      17
      16
       9
      14
      14
      12
      13
      17
      13
      19
      19
       6
      13
      14
      11
      18
       7
      12
      22
      13
      12
      21
      17
      23
      14
      15
      17
      17
      14
      11
      15
      14
      14
      19
      17
      21
      18
      17
      19
      16
      22
      17
      13
      24
      20
      18
      20
      31
      18
      18
      23
      21
      19
      23
      25
      30
      24
      22
      10
      23
      24
      23
      13
      27
      23
      35
      26
      22
      22
      25
      22
      28
      20
      24
      19
      25
      24
      28
      23
      20
      31
      25
      35
      29
      31
      28
      34
      28
      29
      26
      24
      28
      28
      28
      24
      30
      18
      27
      17
      25
      28
      27
      22
      29
      20
      27
      36
      35
      29
      29
      31
      30
      38
      28
      16
      28
      37
      29
      26
      26
      17
      23
      18
      33
      25
      29
      26
      22
      16
      30
      23
      24
      26
      18
      24
      29
      26
      22
      29
      41
      14
      22
      24
      23
      17
      14
      28
      23
      25
      20
      20
      28
      25
      27
      22
      15
      29
      18
      13
      16
      13
      17
      22
      20
      19
      21
      21
      20
      15
      22
      15
      17
      16
      20
      19
      15
      16
      16
      15
      21
      20
      19
      14
      16
      18
      13
      14
      14
       9
      12
      14
      20
      18
      18
      16
      13
      13
      15
      12
      19
      17
       6
      14
      10
       9
      11
       7
      10
      14
      15
       9
       9
       7
       9
      11
      11
      10
       8
       7
      11
      11
      13
      10
      10
      11
       8
       6
       7
       7
       9
      17
       8
      10
      11
       8
       8
      11
      10
       6
       6
       6
       6
      15
       8
       8
      10
      13
       8
      14
       9
      10
       9
       6
       6
       7
       4
       4
       5
      12
       4
       6
       4
       5
       7
       9
       7
       8
       6
       7
       9
       3
       4
       6
       9
       6
       8
       8
       3
       2
       6
       5
      10
       3
       4
       9
       2
       4
       7
       7
       6
       7
      10
       4
       5
       1
       3
       8
       8
       7
       3
       4
       4
      11
       8
       2
       6
       6
       3
       3
       8
       3
       7
       1
       4
       6
       1
       8
       6
       4
       2
       2
       4
       5
       5
       8
       3
       3
       4
       3
       3
       7
       5
       4
       4
       8
      12
       3
       4
       3
       4
       3
       8
       1
       3
       9
       2
       7
       5
       8
       8
       2
       3
       5
       2
       3
       3
       1
       5
       5
       7
       6
       2
       2
       3
       4
       0
       5
       0
       6
       4
       5
       2
       6
       5
       2
       3
       1
       0
       3
       9
       6
       4
       5
       1
       3
       3
       3
       4
       2
       2
       7
       3
       5
       0
       4
       6
       2
       4
       3
       1
       2
       6
       2
       5
       3
       2
       4
       0
       1
       2
       2
       3
       3
       5
       2
       2
       8
       0
       1
       5
       7
       3
       2
       1
       3
       2
       1
       4
       1
       3
       2
       2
       2
       2
       1
       2
       3
       0
       2
       1
       2
       1
       0
       2
       2
       2
       1
       1
       3
       0
       1
       2
       0
       1
       2
       0
       1
       3
       2
       0
       3
       1
       3
       2
       2
       1
       1
       0
       2
       1
       0
       1
       1
       1
       1
       2
       3
       3
       1
       1
       1
       1
       0
       3
       2
       4
       2
       3
       2
       3
       0
       1
       3
       0
       0
       0
       0
       1
       0
       1
       2
       2
       3
       0
       0
       3
       3
       1
       4
       3
       1
       0
       1
       1
       1
       1
       2
       2
       2
       0
       2
       2
       1
       1
       4
       0
       1
       0
       2
       1
       0
       0
       2
       1
       1
       0
       0
       2
       4
       2
       1
       1
       1
       1
       1
       0
       1
       0
       1
       0
       0
       1
       1
       2
       0
       0
       1
       1
       3
       1
       4
       2
       0
       2
       0
       0
       3
       3
       3
       0
       0
       1
       1
       2
       0
       0
       2
       0
       2
       1
       1
       0
       1
       1
       1
       3
       0
       1
       1
       0
       1
       1
       0
       0
       2
       3
       1
       1
       0
       0
       1
       0
       0
       1
       0
       0
       3
       1
       3
       0
       0
       1
       0
       2
       1
       2
       2
       2
       0
       0
       2
       0
       1
       1
       1
       1
       0
       1
       1
       2
       1
       3
       0
       3
       0
       1
       1
       2
       1
       1
       2
       1
       2
       0
       2
       0
       4
       2
       1
       1
       2
       1
       0
       0
       2
       4
       1
       1
       0
       2
       0
       1
       2
       0
       1
       0
       1
       2
       0
       0
       0
       0
       3
       0
       1
       1
       2
       3
       2
       1
       0
       1
       1
       3
       0
       1
       1
       2
       1
       0
       2
       1
       2
       0
       2
       1
       1
       0
       0
       0
       1
       1
       0
       2
       2
       1
       0
       2
       0
       5
       1
       3
       1
       2
       0
       0
       4
       2
       1
       1
       4
       1
       1
       0
       6
       0
       1
       0
       3
       3
       1
       1
       3
       2
       1
       1
       2
       0
       3
       4
       2
       1
       2
       1
       2
       2
       1
       2
       1
       0
       1
       1
       2
       0
       1
       2
       3
       2
       2
       3
       2
       2
       1
       1
       2
       1
       2
       0
       2
       1
       1
       0
       5
       1
       3
       3
       1
       5
       0
       1
       2
       4
       5
       2
       0
       6
       3
       3
       2
       4
       2
       2
       4
       2
       2
       4
       2
       5
       5
       6
       6
       1
       5
       2
       2
       9
       7
       1
       4
       4
       3
       2
       5
       6
       8
       4
       4
       7
       8
       8
       4
       9
       5
       7
       7
       2
       7
       4
       8
       6
       5
       2
       8
       8
       9
       7
       8
      11
       9
       7
       4
      15
       8
       4
       5
       7
       8
       5
      10
      10
      10
      14
       9
      11
       8
       9
       8
       9
       7
      15
       4
       9
       9
      15
      12
       6
      10
      10
      13
       9
      10
       8
      17
      13
       8
      17
      20
      11
      16
      25
      14
      15
      11
       9
      13
       8
      14
      18
      12
       6
      12
      14
      12
      16
       9
      13
      12
      15
      11
      14
      14
      10
      15
      13
      12
      10
      13
      17
      12
      15
      13
      10
       9
      12
      15
      16
      13
      12
      10
      22
      11
      11
      17
      14
       9
       9
      13
      16
      11
      11
      16
       7
       8
      12
       8
      22
      16
       9
      10
      11
      12
       8
      10
      11
      18
      17
      14
      10
      14
       5
      12
       4
       9
       7
       7
      15
      11
       6
       7
       9
       5
       6
       7
       4
       3
       6
       9
       7
       5
       4
       1
       6
       5
       5
       4
       5
       8
       6
       6
       6
       8
       5
       3
       1
       2
       3
       2
       3
       0
       6
       3
       4
       7
       4
       0
       2
       1
       0
       2
       2
       3
       4
       1
       2
       2
       1
       4
       1
       2
       2
       2
       2
       1
       0
       0
       0
       4
       2
       1
       2
       1
       0
       1
       1
       0
       0
       0
       0
       2
       1
       2
       0
       2
       1
       0
       0
       0
       0
       0
       1
       1
       0
       0
       1
       0
       0
       0
       0
       1
       0
       0
       1
       0
       0
       0
       1
       0
       0
       0
       0
       0
       1
       0
       0
       1
       0
       0
       0
       1
       0
       0
       0
       0
       0
       0
       0
       0
       1
       0
       0
       0
       0
       0
       0
       0
       1
       0
       0
       0
       0
       0
       0
       0
       0
       0
       0
       0
       0
       0
       0
       0
       0
       1
       0
       0
       0
       0
       0
       0
       0
       0
       0
       0
       0
       0
       0
       0
       0
       0
       0
       0
       0
       0
       0
       0
       0
       0
       0
       0
       0
       0
       0
       0
       0
       0
       0
       0
       0
       0
       0
       0
       0
       0
       0
       0
       1
       1
       0
       0
       0
       0
       0
       0
       0
       0
       0
       1
       0
       0
       0
       0
       0
       0
       0
       0
       0
       0
       0
       0
       0
       0
       0
       0
       0
       0
       1
       0
       0
       0
       0
       0
       0
       0
       0
       0
       1
       1
       0
       0
       0
       0
       0
       0
       0
       0
       0
       0
       0
       0
       0
       0
       0
       0
       0
       0
       0
       0
       0
       0
       0
       0
       0
       0
       0
       0
       0
       0
       0
       0
       0
$ROI:
0
$PRESETS:
None
0
0
$ENER_FIT:
0.000000 0.722271
$MCA_CAL:
3
0.000000E+000 7.222707E-001 0.000000E+000 keV
$SHAPE_CAL:
3
0.000000E+000 0.000000E+000 0.000000E+000
