$SPEC_ID:
Scatter
$SPEC_REM:
DET# 2
DETDESC# JLAB-11 MCB 133
AP# Maestro Version 7.01
$DATE_MEA:
03/04/2025 16:18:35
$MEAS_TIM:
1194 1224
$DATA:
0 2047
       0
       0
       0
       0
       0
       0
       0
      64
      36
      67
      73
      51
      46
      47
      18
       7
       3
       5
       1
       1
       1
       1
       0
       0
       1
       1
       1
       3
       1
       3
       1
       0
       1
       0
       0
       1
       0
       1
       1
       1
       0
       3
       0
       0
       2
       4
       4
       0
       0
       2
       0
       2
       0
       2
       0
       3
       2
       0
       1
       1
       0
       2
       4
       1
       1
       0
       2
       0
       3
       3
       3
       1
       4
       3
       2
       5
       0
       1
       0
       1
       3
       2
       2
       0
       5
       3
       5
       1
       4
       2
       1
       2
       4
       2
       3
       3
       5
       2
       4
       3
       1
       2
       5
       4
       3
       6
       3
       6
       1
       0
       3
       1
       5
       6
       3
       7
       3
       1
       1
       5
       3
       4
       5
       5
       2
       2
       5
       5
       2
       4
       4
       4
       7
       3
       3
       3
       5
       3
       4
       3
       4
       4
       5
       4
       1
       5
       2
       6
       2
       3
       2
       4
       4
       3
       1
       4
       1
       6
       4
       7
       3
       7
       9
       6
       6
       3
       3
       3
       6
       6
       3
       4
       5
       3
      11
       8
       3
       6
       5
       7
       4
       8
       3
      14
       7
       6
       7
       7
       6
       7
       5
       6
       8
       6
       2
       4
       1
       5
       6
       6
       6
       6
      10
       5
      16
       8
      14
       3
       4
       4
       8
       8
      10
       9
       6
       7
      10
       8
       7
       8
      10
       8
       6
       3
       8
      13
       3
       7
      15
       8
       4
       9
       5
      16
       9
      11
       4
       6
      15
       8
       6
       7
      10
       9
      11
       9
      10
      13
       9
       5
      11
      12
      13
      10
      11
      12
       4
       4
       5
      13
       7
      13
      17
       6
      11
      10
       9
       8
       7
      10
       7
      11
      15
       8
      10
       9
      11
       5
      11
       6
      10
      13
      14
      10
       9
       8
      10
       9
      10
      16
       9
      12
       8
       9
       8
       8
       6
      12
      11
      14
      10
       9
      10
      15
       9
      13
      13
      13
      11
      11
      17
      11
       5
      11
      11
       9
      11
      16
      17
       9
      16
       9
      13
      11
      10
       8
      11
       3
      18
      13
      14
       9
      13
      10
      14
       7
       9
      18
      15
      15
       6
      11
      11
       7
      12
      10
      14
      13
      10
      12
      12
      13
      17
      11
       9
      10
      12
      15
      10
       8
      11
      10
      17
      13
       6
      17
      16
      20
      15
       7
       3
       9
       9
       7
      12
      11
      17
       8
      14
       9
      15
      12
      14
       5
      12
      15
      11
      16
      14
      13
      20
      11
      12
      18
       6
      10
      11
      18
       9
      16
      16
      15
      10
       7
      14
      10
      12
      10
      19
      10
      16
      16
      12
      13
      10
      16
      13
      14
      12
      13
      13
      16
      12
      15
      11
       5
      12
       7
      13
      10
      11
      14
      15
       9
      15
      11
      16
      15
      15
      14
      16
      15
      16
      11
      11
      13
      22
       9
       8
      15
      13
      14
      10
      20
      16
      18
       7
      15
      14
      12
      11
      16
      21
      10
      16
      10
      17
      10
      13
      13
      17
      12
      10
      17
      10
       9
       7
      15
      18
      11
      11
      10
      17
      11
       8
      11
      11
      13
      10
      10
      11
      15
      13
      12
      10
      16
      10
      15
      11
      17
      10
      14
      14
      11
      15
      13
      14
      11
      10
      17
      14
       7
       7
      19
      16
      14
      16
      21
       8
      12
      15
      13
      14
       7
      20
       8
      12
      11
      12
      10
       9
      16
      12
      12
      15
      11
      10
      12
      17
      13
      11
      11
      15
      15
      13
      10
      16
      14
      10
      12
      13
      10
       9
      13
      12
      11
      11
      13
       9
      12
      11
       9
      15
      11
      15
      11
       9
      15
       9
      11
      12
      13
      13
      12
       5
      11
      13
      16
      13
      10
      11
      14
      13
      15
      10
      15
      17
      11
      10
       6
      16
       8
      16
      23
      16
      15
      14
       6
      11
      14
      12
      18
      12
      15
      16
      15
      16
      10
      10
      13
      10
      10
      14
      13
      10
      15
      13
      14
       8
      12
      10
       7
       8
      15
      12
      18
      11
      13
      10
      13
      12
      10
       5
      11
      14
      11
      10
       9
       5
      11
       9
      13
      11
      13
      14
      18
      15
      14
      12
      13
      10
       7
      12
      14
      20
       8
      12
       9
      17
      16
       8
       7
      10
       6
       9
      14
       9
      15
      21
      11
       7
      12
      14
      12
      13
      14
      13
      10
      11
      10
       7
      17
      13
      10
       7
       9
      10
       6
       6
      16
       9
       9
       8
      15
       8
      16
      11
      19
      11
      13
       8
      13
      12
      15
      14
      12
      11
       8
      16
       8
       9
       9
       7
       7
       8
       9
      13
      14
      15
       8
      16
       9
      12
       9
      20
      15
       9
      13
      16
      13
      15
       9
       7
      10
       6
      13
       8
      11
       7
      13
      13
       8
      10
      12
      13
       9
      15
       8
      11
       6
      14
       8
      12
       7
      23
      17
       4
      12
       8
       7
       6
      12
      14
      15
       5
       9
       9
       8
      15
       9
      10
       8
       8
       8
      12
       7
      12
      14
      12
       9
      14
      15
      13
       8
      13
       9
      10
      12
      12
      13
       8
       7
      14
       5
       4
      11
      17
       9
      10
      11
      11
       6
       7
      13
      12
       5
       9
      13
       5
      11
       6
      10
      16
      16
      12
       5
       8
      14
       9
      11
      17
       8
      11
      15
      10
       8
      19
       6
      13
      10
      15
      10
      12
      14
      11
       8
      14
       8
       7
      10
      13
       4
       9
       6
      12
      14
       7
      12
      10
       9
      13
      10
       9
       7
      15
      14
      11
      15
       7
       9
      11
      10
       7
       5
      10
      11
       8
      13
      15
      10
      12
      15
      11
      11
      14
       8
       5
      11
      18
      10
       5
      10
      11
      14
       9
      17
      11
      16
      11
       7
       9
      13
       7
      10
      11
       8
      12
      18
       6
      10
       9
      13
       8
      12
      14
       8
       6
      13
       5
       6
       8
       6
      12
      10
       9
      10
       7
       7
      17
      13
      14
      16
      16
      12
      10
      10
       9
      12
      16
      12
      11
      16
       7
       7
      12
       7
      12
      13
      11
       7
      10
       7
       8
      13
      13
       6
      12
       6
       9
      11
      12
       7
      11
      13
       7
       3
       9
       6
       6
       5
       8
      10
      11
       9
      12
       9
      10
       6
       9
       7
       6
       9
       7
       6
       5
       9
       4
       6
       6
      11
      10
      10
       6
       5
       4
       6
      13
      11
       8
       7
      14
       9
       9
      12
       9
       5
       7
       9
       5
       7
       6
      15
      13
       9
      12
      13
       7
       7
       5
      11
       4
       7
      11
       8
      11
       9
       6
       5
       6
       7
       7
       8
       7
      10
       6
       9
       8
       5
       4
      12
      14
       5
      13
       7
      15
       8
       6
      11
       7
      11
       7
       8
      11
       7
       9
       6
       4
       8
       6
       3
      12
       5
       6
      10
       7
       7
       2
       5
       6
       4
       8
      10
       3
       8
       8
       5
       8
       4
       5
       6
       8
       6
       8
       5
       7
       2
       6
       8
       7
       7
      10
       3
      11
       4
      11
       7
       9
       9
       5
       5
      11
       4
       3
       4
       4
       7
       6
       4
       7
       7
       6
       6
       3
       7
       8
       7
      10
       8
       6
       5
       8
       8
       4
       4
      10
      10
       6
       6
       3
       3
      11
       3
       5
       6
       6
       5
       4
       8
      11
       9
       7
       4
       5
       9
       7
       2
       6
       9
       5
       5
       8
       6
       7
       5
       8
      11
       5
       7
       4
       7
       5
       4
       3
       7
       3
      12
       6
       9
       6
       4
       7
       4
       6
       6
       4
       5
       6
       2
       7
       4
       5
       9
       6
       9
       6
       6
       3
       6
       6
       6
       6
       2
       9
       5
       6
       5
       8
       6
       4
       4
       6
       7
       3
      11
       6
       8
       8
      11
       5
       6
       7
       7
       5
       5
       5
       8
       9
       6
       9
       4
       5
       6
       5
       6
       3
       4
       7
       4
      10
       4
       5
       6
       2
       7
       7
       7
       1
       5
       3
       7
       7
       1
       7
       4
       8
       7
       6
       7
       3
       5
       9
       4
       6
      14
       6
       5
       3
       5
      10
       3
      10
       2
       4
      10
       4
       6
       6
       7
      13
       9
      11
      10
       7
       7
       6
       7
       3
       7
       6
      12
       8
      12
       9
       6
      11
       6
      13
       4
       9
       7
      13
       8
      10
      10
       6
       7
       6
       5
       8
       8
      13
      11
      14
       8
       7
       6
       7
       3
       8
      12
       8
       4
       3
       6
       6
      13
       9
       9
       5
       8
      13
       7
       4
      10
      10
       8
      10
      11
       9
      13
      10
       7
       4
      11
      10
      11
      12
       8
      12
      13
      12
       7
      11
      13
       8
       4
      10
      11
      16
       7
      10
      10
       8
       7
      14
      16
       9
      12
      12
      11
      13
      11
      16
      13
      11
      14
      13
      13
      11
      12
      12
      12
      22
      24
      15
      18
      16
      16
      14
      17
      12
       9
       9
      14
      19
       9
      13
      11
      19
      16
      10
      13
      11
      15
       7
      15
      22
      11
      24
      14
      20
      11
      12
      13
      12
      11
      16
      19
      12
      19
      17
      19
      19
      11
      12
      15
       9
      17
      18
      19
      15
      18
      15
       8
      18
      16
      16
      17
      22
      13
      14
      21
      21
      11
      23
      16
      20
      22
      18
      19
      15
      18
      14
      21
      12
      14
      19
      16
      23
      13
      20
      20
      20
      28
      23
      17
      15
      21
      14
      13
      16
      20
      19
      18
      19
      25
      12
      15
      26
      17
      20
      23
      14
      16
      14
      19
      14
      16
      17
      19
      17
      24
      30
      16
      19
      19
      29
      19
      17
      19
      17
      17
      24
      16
      18
      18
      17
      19
      13
      24
      18
      22
      23
      12
      18
      19
      19
      11
      17
      27
      22
      19
      22
      22
      20
       9
      20
      14
      16
      27
      19
      24
      24
      18
      19
      21
      21
      20
      17
      13
      25
      25
      11
      18
      19
      19
      18
      18
      27
      26
      18
      19
      22
      15
      20
      17
      20
      13
      20
      23
      23
      19
      27
      16
      16
      22
      20
      24
       8
      13
      17
      10
      16
      15
      23
      18
      15
      15
      13
      20
      16
      17
      16
      11
      14
      19
      16
      19
      12
      19
      19
      16
      19
      12
      12
      19
      15
      12
      16
      12
      12
      16
      12
      13
       9
      11
      19
       4
      14
      10
      12
      17
      19
      11
      10
       7
      15
      12
       8
      10
       6
      12
      15
       9
      12
      16
       8
       8
       9
      11
       8
       8
       5
       9
      10
      11
       9
       7
       9
       9
      11
      11
      10
      12
       6
      12
       4
       9
       6
       6
       6
       6
       6
       6
       9
       8
       8
       6
       7
       5
       5
       7
       7
       7
       3
       2
       5
       6
       5
       3
      10
       5
       3
       4
       4
       7
       4
       7
       3
       6
       3
       2
       3
       7
       4
       3
       5
       2
       3
       2
       3
       3
       5
       1
       5
       4
       1
       6
       3
       8
       2
       2
       0
       0
       5
       3
       3
       3
       2
       2
       2
       1
       2
       1
       1
       4
       1
       1
       5
       1
       0
       3
       1
       0
       2
       1
       5
       2
       3
       1
       0
       2
       1
       0
       4
       0
       1
       2
       0
       1
       2
       0
       2
       3
       4
       1
       2
       1
       0
       3
       2
       0
       0
       1
       0
       0
       2
       1
       2
       1
       1
       1
       0
       2
       0
       3
       1
       1
       0
       0
       1
       2
       1
       0
       1
       0
       0
       1
       0
       2
       1
       0
       1
       2
       0
       2
       0
       0
       1
       2
       1
       1
       1
       0
       0
       0
       1
       0
       1
       0
       1
       0
       0
       0
       0
       0
       1
       0
       0
       0
       0
       0
       3
       0
       1
       0
       0
       0
       1
       0
       0
       0
       0
       0
       0
       1
       1
       0
       0
       1
       0
       0
       0
       0
       0
       0
       0
       0
       0
       0
       0
       0
       1
       0
       0
       1
       0
       1
       0
       0
       0
       0
       0
       0
       0
       2
       0
       0
       0
       1
       0
       0
       0
       1
       1
       0
       1
       0
       0
       0
       0
       1
       2
       0
       0
       1
       0
       1
       0
       0
       0
       0
       1
       0
       1
       0
       1
       0
       0
       0
       0
       0
       0
       0
       0
       0
       0
       1
       0
       0
       0
       0
       0
       0
       0
       0
       1
       0
       0
       0
       1
       0
       0
       0
       1
       0
       0
       0
       0
       1
       0
       1
       0
       0
       1
       0
       0
       1
       0
       0
       0
       0
       0
       0
       0
       0
       0
       1
       0
       1
       0
       0
       0
       0
       0
       0
       0
       0
       1
       0
       1
       0
       0
       0
       0
       0
       0
       1
       0
       1
       0
       1
       0
       0
       1
       0
       0
       0
       0
       1
       0
       0
       0
       0
       0
       0
       0
       0
       0
       1
       0
       1
       0
       0
       0
       0
       0
       0
       0
       0
       0
       0
       0
       0
       0
       0
       0
       0
       1
       0
       1
       0
       1
       0
       1
       0
       0
       0
       0
       0
       0
       0
       0
       0
       0
       0
       0
       0
       0
       0
       0
       0
       0
       0
       0
       0
       0
       0
       0
       0
       1
       0
       0
       1
       0
       0
       0
       0
       0
       0
       0
       0
       0
       0
       0
       0
       0
       0
       0
       0
       0
       0
       0
       0
       0
       0
       0
       0
       0
       0
       0
       0
       0
       0
       0
       0
       0
       0
$ROI:
0
$PRESETS:
None
0
0
$ENER_FIT:
0.000000 0.421939
$MCA_CAL:
3
0.000000E+000 4.219387E-001 0.000000E+000 keV
$SHAPE_CAL:
3
0.000000E+000 0.000000E+000 0.000000E+000
