$SPEC_ID:
Scatter
$SPEC_REM:
DET# 2
DETDESC# JLAB-11 MCB 133
AP# Maestro Version 7.01
$DATE_MEA:
03/04/2025 14:47:53
$MEAS_TIM:
1856 1900
$DATA:
0 2047
       0
       0
       0
       0
       0
       0
       0
      76
      26
      63
      54
      43
      63
      55
      24
       9
       7
       1
       3
       0
       1
       0
       0
       1
       1
       2
       1
       4
       2
       0
       3
       1
       1
       4
       3
       1
       1
       1
       1
       2
       2
       1
       3
       1
       3
       2
       1
       1
       3
       1
       0
       2
       0
       3
       1
       1
       1
       2
       2
       2
       0
       1
       0
       1
       1
       1
       4
       1
       2
       2
       5
       1
       2
       2
       1
       2
       2
       2
       2
       2
       0
       3
       2
       3
       2
       2
       2
       2
       0
       2
       4
       0
       1
       0
       6
       4
       5
       4
       0
       4
       1
       0
       2
       1
       3
       5
       3
       3
       1
       4
       3
       2
       2
       2
       0
       2
       2
       1
       1
       3
       2
       3
       2
       2
       6
       3
       4
       3
       4
       1
       4
       4
       0
       3
       4
       2
       5
       3
       2
       2
       5
       0
       1
       2
       1
       4
       6
       2
       2
       5
       2
       2
       1
       1
       5
       3
       3
       0
       2
       2
       5
       6
       7
       5
       4
       3
       4
       5
       2
       3
       2
       4
       2
       4
       5
       5
       5
       5
       4
       3
       6
       3
       5
       3
       1
       5
       8
       5
       3
       6
       6
       1
       4
       5
       4
       4
       6
       3
       4
       5
       6
       7
       6
       4
       6
      11
      11
       8
      11
       5
      14
       6
       9
       2
       3
       9
       6
       8
       6
      14
       4
       7
       3
       6
      10
       8
       6
       5
       7
       2
       2
       3
       5
       9
       2
       3
       4
       6
       5
       4
       8
       7
      12
      10
       7
       8
       7
       8
       4
      12
       6
      10
       6
      15
      14
       7
       8
       7
       4
       8
       6
       8
       7
       3
       7
      12
       6
       8
       5
       7
       7
       9
       9
       8
       4
      10
       8
       5
       7
       4
      13
       4
       7
       7
       3
       4
       6
       5
       2
       5
      12
      12
       8
       2
       5
       7
       8
       8
       6
       5
       9
       9
       4
       9
       7
       5
       8
       7
       9
       7
      10
      11
       8
      11
      12
       9
       8
       9
       8
       6
      10
       8
       9
       9
      12
      12
      10
       6
       8
       6
       9
       9
       4
       5
       9
       6
      14
      14
       6
      10
       6
      11
       6
      11
      12
       8
       4
      17
       5
      10
       6
       9
       9
      10
       6
      10
      13
       9
       4
      10
       6
       7
       8
      12
       8
      12
      12
       7
      12
       7
      10
       6
       7
       9
       7
       9
      16
      11
       7
      13
       5
      17
       6
       9
      12
       7
      13
      10
      11
       9
      10
      14
      13
      14
       6
       8
      17
      12
      11
      16
      13
      11
       9
       5
       6
       7
       9
       7
       7
       8
      12
       7
      11
      12
      13
      12
       9
      11
       7
      16
       8
       9
      10
       8
      16
      12
       6
      15
      10
       7
      18
      11
      11
       8
      12
      10
      13
      13
       8
      14
       7
       7
       9
      10
      13
      21
      11
      13
       8
       7
      11
       7
      16
      12
      16
      13
      13
       9
      13
       7
       9
      10
      19
      12
      13
       5
      10
      10
      15
       2
       5
       9
       6
      12
      11
       7
      11
      10
      17
      15
       8
       8
       8
      19
       8
       5
      10
       4
       9
       6
       7
       6
       6
      12
      18
      17
       7
       7
      11
      14
      13
      10
      12
      13
       9
       5
      13
      17
       7
       5
      16
       9
      13
      16
       8
       8
       9
      10
       8
      12
       3
      14
       9
      14
      11
      12
      11
       5
       9
      10
      13
      11
      11
       7
      12
       7
       9
       6
      13
       6
      12
      16
      13
       6
      13
      15
      21
      12
      17
      11
      14
       9
      12
       7
      13
       7
      15
       8
      12
       9
      10
       9
       8
      13
      13
       9
      12
      15
      12
      12
      16
      10
       8
       8
       9
      11
       5
      10
      10
      10
      11
      14
      10
       9
       9
      12
       6
      13
      15
      11
      13
      13
      12
       7
      20
       9
      12
      14
      11
       8
      13
      12
       6
       5
       8
       8
      17
       8
      11
      14
      10
       9
       9
      12
      13
      14
      11
       7
       9
       8
      14
       7
      16
       9
       7
       9
       6
       7
      18
       6
      12
      10
       9
      10
       9
      21
       9
      10
      15
      12
      16
      13
      14
      11
       9
      10
       8
      10
      10
       8
       9
      12
      14
      14
      13
       6
       8
      14
      10
      19
       6
       7
      11
      13
      12
      15
      20
      14
       8
      16
      13
      15
      13
      14
      11
      19
      10
      13
      14
      14
      17
      16
      16
      12
      15
      15
      12
      16
      14
       9
      13
      15
      19
      14
       9
      14
      16
      15
      16
      17
      12
       6
      12
      12
      18
      15
      19
      12
      14
      18
      14
      23
      15
      15
      19
      18
      21
      17
      22
      16
      17
      10
      15
      17
      24
      16
      20
      21
      19
      23
      17
      24
      17
      15
      18
      18
      16
      16
      16
      20
      21
      20
      25
      26
      25
      23
      22
      26
      26
      21
      22
      21
      26
      16
      23
      31
      23
      30
      21
      36
      28
      33
      19
      29
      23
      23
      25
      19
      21
      25
      32
      34
      25
      23
      23
      18
      27
      29
      21
      29
      27
      31
      28
      15
      26
      28
      27
      33
      22
      24
      22
      29
      27
      29
      39
      35
      35
      27
      30
      19
      33
      32
      34
      30
      24
      26
      19
      22
      23
      30
      29
      23
      23
      36
      19
      29
      13
      22
      28
      28
      27
      19
      33
      29
      22
      24
      30
      32
      23
      19
      31
      30
      32
      21
      27
      33
      31
      18
      17
      21
      34
      28
      28
      20
      22
      20
      28
      27
      31
      17
      14
      16
      34
      13
      25
      14
      23
      32
       9
      18
      18
      17
      21
      21
      14
      17
      19
      15
      23
      25
      17
      14
      18
      21
      13
      10
      14
      16
      21
      16
      14
      25
      14
      16
      11
      15
      15
      13
      13
      11
       9
      13
      11
      12
      14
      11
      13
      12
      12
      13
       8
       8
       7
      12
      11
      11
       8
       8
       7
      14
       6
       4
      10
       6
      13
       5
      11
       7
       8
      16
      11
       7
      13
       7
      12
       7
       7
       8
      11
       9
       7
      12
       7
      14
       5
       1
       4
       6
       8
       4
       6
       7
       3
       6
       7
       4
       3
       7
       6
       6
       5
       6
       1
       4
       4
       7
       3
       1
       6
       3
       4
       7
       5
       4
       4
       3
       2
       3
       1
       4
       7
      10
       3
       2
       7
       7
       7
      13
       6
       3
       6
       2
       2
       3
       4
      10
       1
       3
       3
       5
       6
       4
      11
       7
       3
       2
       3
       5
       3
       3
       7
       3
       5
       1
       6
       3
       5
       2
       5
       2
       4
       4
       2
       2
       3
       4
       2
       3
       1
       5
       4
       2
       5
       3
       3
       2
       3
       3
       5
       0
       3
       7
       1
       2
       1
       4
       5
       2
       4
       4
       4
       0
       4
       5
       1
       2
       0
       2
       5
       0
       2
       3
       3
       2
       1
       1
       1
       4
       3
       2
       3
       2
       3
       0
       6
       1
       1
       2
       0
       3
       3
       1
       3
       2
       0
       3
       2
       0
       2
       0
       0
       3
       1
       1
       1
       1
       3
       1
       2
       1
       1
       1
       2
       2
       0
       0
       1
       7
       5
       0
       0
       1
       3
       1
       1
       1
       1
       1
       2
       0
       1
       1
       1
       0
       0
       1
       0
       1
       2
       0
       0
       1
       3
       0
       0
       0
       2
       2
       3
       3
       0
       1
       0
       0
       0
       3
       0
       1
       1
       1
       1
       2
       0
       1
       1
       1
       3
       3
       1
       1
       1
       0
       3
       2
       2
       2
       0
       0
       0
       2
       1
       0
       2
       3
       2
       2
       2
       0
       3
       2
       0
       0
       0
       0
       0
       0
       0
       0
       2
       1
       6
       0
       1
       0
       0
       1
       1
       0
       0
       2
       3
       1
       1
       0
       3
       0
       0
       0
       1
       1
       1
       1
       1
       2
       1
       1
       3
       2
       2
       2
       0
       3
       0
       1
       1
       1
       1
       1
       3
       0
       0
       0
       1
       0
       0
       0
       2
       0
       1
       0
       1
       0
       2
       1
       0
       2
       1
       2
       1
       0
       2
       2
       2
       2
       1
       1
       3
       1
       0
       3
       3
       1
       2
       0
       1
       1
       0
       1
       0
       3
       0
       2
       0
       0
       2
       0
       1
       0
       3
       0
       1
       2
       4
       2
       0
       1
       2
       0
       3
       0
       0
       0
       1
       0
       1
       0
       0
       1
       0
       0
       2
       2
       1
       1
       0
       1
       0
       2
       0
       1
       3
       0
       0
       3
       1
       1
       1
       0
       0
       1
       0
       1
       2
       0
       1
       1
       1
       0
       0
       2
       1
       1
       1
       2
       1
       0
       0
       0
       0
       2
       0
       1
       0
       1
       1
       2
       0
       0
       0
       0
       2
       0
       2
       1
       0
       1
       0
       0
       0
       1
       0
       1
       1
       0
       0
       1
       3
       0
       1
       1
       1
       0
       0
       3
       0
       2
       2
       1
       1
       1
       0
       0
       0
       0
       0
       2
       1
       0
       1
       1
       0
       2
       3
       1
       0
       0
       0
       1
       2
       0
       3
       1
       2
       0
       0
       2
       0
       1
       0
       0
       1
       1
       1
       1
       0
       0
       0
       1
       0
       0
       2
       0
       0
       0
       0
       0
       1
       1
       2
       2
       2
       0
       0
       1
       0
       2
       0
       0
       0
       1
       0
       1
       0
       0
       1
       0
       3
       2
       2
       0
       2
       0
       1
       1
       1
       1
       0
       0
       1
       0
       1
       1
       1
       1
       0
       0
       1
       1
       0
       2
       0
       0
       1
       0
       2
       0
       0
       0
       0
       0
       1
       0
       0
       0
       1
       0
       1
       0
       0
       0
       1
       0
       1
       1
       0
       0
       1
       1
       1
       3
       0
       0
       1
       0
       1
       1
       0
       2
       0
       0
       0
       0
       0
       1
       0
       0
       0
       0
       1
       0
       1
       0
       0
       0
       0
       0
       0
       0
       1
       3
       0
       1
       1
       0
       0
       0
       1
       0
       0
       0
       1
       0
       0
       0
       0
       0
       0
       1
       1
       4
       1
       2
       1
       0
       1
       0
       0
       2
       1
       2
       0
       0
       1
       0
       0
       0
       0
       0
       0
       3
       1
       0
       1
       1
       0
       2
       1
       0
       0
       0
       1
       1
       2
       0
       0
       2
       1
       0
       0
       2
       0
       3
       1
       0
       1
       0
       1
       3
       0
       1
       1
       0
       3
       2
       0
       0
       2
       1
       1
       1
       3
       1
       1
       1
       0
       1
       2
       1
       0
       0
       0
       0
       0
       0
       1
       0
       0
       1
       1
       1
       1
       0
       1
       0
       1
       1
       2
       1
       0
       1
       2
       0
       0
       1
       1
       0
       2
       0
       1
       0
       1
       0
       0
       2
       1
       0
       0
       1
       0
       2
       0
       0
       0
       0
       1
       0
       1
       0
       0
       0
       0
       0
       2
       0
       2
       0
       0
       1
       0
       0
       2
       0
       1
       0
       1
       0
       1
       0
       0
       0
       0
       1
       1
       2
       1
       2
       0
       0
       1
       3
       1
       1
       1
       1
       0
       2
       1
       0
       1
       2
       2
       0
       0
       0
       1
       0
       0
       0
       0
       2
       0
       0
       0
       0
       1
       1
       0
       0
       0
       0
       3
       0
       0
       0
       0
       0
       1
       0
       1
       0
       0
       0
       1
       0
       0
       0
       0
       0
       1
       0
       1
       2
       0
       1
       0
       0
       0
       1
       2
       1
       0
       0
       0
       0
       0
       1
       1
       1
       0
       0
       0
       0
       1
       0
       0
       0
       1
       0
       0
       1
       1
       0
       0
       1
       2
       0
       0
       0
       1
       0
       0
       0
       1
       0
       0
       0
       0
       0
       0
       2
       0
       0
       0
       0
       1
       0
       0
       0
       2
       0
       1
       0
       1
       1
       0
       0
       0
       1
       1
       0
       0
       0
       1
       0
       2
       0
       1
       0
       0
       1
       2
       0
       0
       0
       2
       1
       1
       0
       1
       0
       0
       0
       0
       0
       0
       0
       1
       0
       1
       0
       0
       0
       0
       0
       0
       1
       1
       0
       0
       0
       1
       1
       0
       0
       1
       0
       0
       0
       1
       0
       2
       0
       0
       0
       0
       0
       0
       1
       1
       1
       2
       0
       0
       0
       0
       0
       0
       0
       1
       0
       0
       0
       0
       0
       0
       0
       0
       0
       0
       1
       0
       0
       0
       0
       0
       1
       0
       1
       0
       0
       0
       0
       0
       0
       0
       0
       0
       0
       0
       0
       1
       0
       1
       1
       0
       0
       0
       0
       0
       0
       0
       0
       0
       0
       0
       0
       0
       0
       0
       0
       2
       0
       0
       1
       0
       0
       0
       0
       0
       0
       0
       0
       0
       1
       0
       0
       0
       0
       0
       0
       1
       0
       1
       0
       0
       1
       1
       0
       0
       0
       0
       0
       0
       0
       1
       0
       0
       1
       0
       1
       1
       1
       0
       0
       0
       0
       0
       0
       0
       0
       1
       0
       0
       0
       0
       0
       0
       0
       0
       0
       0
       0
       0
       0
       0
       0
       0
       1
       0
       0
       0
       1
       1
       0
       0
       0
       0
       0
       0
       0
       0
       0
       0
       0
       0
       0
       0
       0
       0
       0
       0
       0
       0
       0
       0
       0
       0
       0
       0
       0
       0
       0
       0
       0
       0
       0
       0
       0
       0
       0
       0
       0
       0
       0
       0
       0
       0
       0
$ROI:
0
$PRESETS:
None
0
0
$ENER_FIT:
0.000000 0.421939
$MCA_CAL:
3
0.000000E+000 4.219387E-001 0.000000E+000 keV
$SHAPE_CAL:
3
0.000000E+000 0.000000E+000 0.000000E+000
