$SPEC_ID:
Scatter
$SPEC_REM:
DET# 2
DETDESC# JLAB-11 MCB 133
AP# Maestro Version 7.01
$DATE_MEA:
03/04/2025 15:49:07
$MEAS_TIM:
1706 1736
$DATA:
0 2047
       0
       0
       0
       0
       0
       0
       0
      91
      48
      93
      76
      60
      34
      32
      17
      11
       3
       1
       0
       4
       0
       1
       2
       1
       0
       0
       0
       3
       1
       3
       4
       2
       1
       0
       2
       0
       2
       2
       4
       2
       1
       3
       1
       1
       1
       0
       5
       0
       1
       1
       3
       0
       1
       2
       1
       1
       1
       2
       3
       2
       2
       0
       2
       0
       3
       2
       3
       2
       2
       0
       0
       2
       0
       0
       1
       1
       1
       4
       3
       2
       3
       3
       3
       2
       0
       1
       7
       4
       0
       2
       3
       1
       1
       2
       2
       2
       2
       0
       4
       2
       0
       2
       2
       2
       2
       3
       3
       5
       2
       2
       1
       1
       0
       5
       2
       2
       3
       1
       5
       1
       2
       1
       1
       0
       1
       2
       4
       4
       0
       6
       0
       3
       5
       2
       5
       1
       1
       3
       3
       5
       3
       4
       2
       3
       1
       1
       2
       4
       5
       6
       3
       5
       1
       4
       4
       4
       2
       2
       6
       2
       4
       0
       2
       1
       3
       3
       5
       3
       3
       1
       5
       1
       6
       2
       2
       4
       3
       4
       3
       7
       1
       0
       2
       5
       4
       2
       3
       1
       2
       5
       3
       4
       7
       7
       9
       3
       5
       1
       6
       5
       8
       4
       8
       8
       3
       5
       3
       4
       5
       5
       7
       4
       9
      11
       6
       7
       6
       2
       7
       6
       7
       5
       4
       3
       5
       5
       7
       6
       7
       8
       5
       6
       6
       3
       7
       6
       9
      10
       5
       8
       8
       4
       6
       8
       4
       5
       4
       5
       8
       6
      11
       7
       8
       9
       6
       3
       7
       9
       8
       9
       4
       4
       5
       5
       1
       4
       2
       3
       6
       7
       9
       6
      11
       6
       5
       8
       8
       7
      10
       3
      11
       7
      15
       8
       6
       6
       6
       8
       8
      13
      13
       8
       3
       8
       5
       9
      10
      11
       7
       9
       7
       6
       7
      10
       7
      13
      12
       8
      10
      10
       9
      10
      12
       6
       6
       7
      11
       6
       6
      10
      13
       5
       6
       3
       9
       9
      10
      12
       5
       4
       7
      10
       7
      11
      12
       3
       8
      12
       8
       5
      12
       6
       7
       7
      10
      10
       7
       9
       5
      12
       7
      14
       7
      14
       8
      11
      13
       4
      11
       6
       6
       9
       9
       5
       9
      11
       7
      13
      13
      14
      14
      21
      12
       5
       7
       8
      10
       6
      11
      12
       3
      15
      12
       4
      10
       8
       7
      13
      13
      15
       5
      14
       9
       7
       6
       6
      13
      11
      13
       4
       6
      16
      10
       9
      13
       8
       7
      12
      19
      10
      13
      11
      12
       4
      14
      12
       5
      10
       6
       8
       9
      10
      13
      10
      12
      12
      12
      11
      10
       7
       9
      14
      11
       9
      12
       9
      10
       7
      13
      17
       9
       9
      10
      11
      16
       8
       7
      20
      13
      14
      12
       5
      26
       7
      10
      11
      10
      13
       9
       9
       7
       7
      13
      15
      13
      13
      15
      11
      10
      13
      15
      17
      10
      13
      13
      12
      23
      10
       6
       7
      12
      13
       7
      12
      12
      12
      12
      10
      10
       9
       9
      13
      15
       8
      15
      12
      12
      12
      12
      12
      15
      17
      17
      12
      10
      11
      16
      13
      13
      10
      17
      10
      15
       8
       9
       9
      16
      13
      11
      10
      22
      13
      11
      18
       9
      17
      13
      23
      16
      12
      14
      17
       9
      11
      19
      16
      15
      15
      16
      10
      16
       8
      11
      17
      11
      15
      15
      16
      12
      11
      13
      18
      19
      12
      11
      20
      13
      20
      15
      14
      16
      18
      14
      14
      21
      17
      31
      11
      22
      19
      11
      19
      28
      23
      20
      17
      17
      25
      24
      21
      15
      13
      19
      22
      22
      23
      18
      15
      16
      23
      20
      20
      28
      15
      23
      19
      36
      23
      19
      26
      29
      16
      14
      21
      34
      21
      20
      29
      40
      29
      35
      31
      27
      25
      35
      23
      30
      40
      26
      40
      32
      34
      28
      31
      31
      28
      36
      34
      27
      31
      24
      28
      32
      27
      26
      40
      33
      29
      39
      39
      36
      28
      23
      18
      22
      29
      26
      26
      25
      31
      23
      35
      27
      30
      26
      30
      24
      23
      20
      33
      32
      23
      18
      22
      17
      16
      18
      30
      25
      28
      23
      25
      23
      17
      13
      12
      19
      16
       9
      14
      17
      17
      14
      18
      21
      16
      10
      16
      12
      21
      12
      13
      10
      14
      14
      13
       8
      11
      17
      13
       8
       5
      14
      14
      15
      17
      11
       9
      23
       9
      10
      13
      10
      14
      13
       7
       9
      11
      14
      10
       8
      13
       9
      13
       6
       5
      20
      16
       9
      12
       3
       6
      10
       8
       9
      11
       8
       8
       9
       5
       8
       9
      10
       8
      10
       6
      13
       8
      13
       5
       5
       7
       9
       9
       3
       2
       9
      13
       9
       6
       5
       7
       4
       6
       4
       9
       6
       9
      11
       3
       4
       3
      10
       2
       7
       5
       4
       2
       6
       3
       6
       7
       4
       5
       4
       4
       3
       7
       5
       8
       6
       6
       4
       9
       3
       5
       4
       7
       9
       3
       3
       8
       2
       4
       3
       6
       5
       4
       5
       6
      10
       9
       5
       3
       3
       3
       1
       6
       6
       2
       3
       3
       8
       4
       4
       8
       2
       8
       4
       7
       4
       2
       4
       6
       0
       3
       1
       1
       2
       4
       1
       2
       3
       6
       2
       3
       5
       3
       3
       4
       3
       8
       2
       0
       5
       5
       3
       2
       4
       3
       2
       2
       3
       4
       4
       3
       3
       3
       3
       3
       4
       4
       3
       2
       3
       5
       3
       3
       5
       3
       4
       3
       5
       2
       2
       1
       3
       8
       4
       0
       5
       4
       3
       3
       0
       1
       4
       2
       3
       2
       1
       1
       2
       4
       6
       2
       1
       2
       2
       3
       1
       2
       1
       1
       5
       4
       2
       4
       4
       4
       6
       4
       1
       0
       2
       2
       5
       1
       4
       0
       2
       0
       2
       3
       1
       4
       4
       2
       2
       3
       4
       2
       2
       3
       1
       2
       0
       0
       0
       1
       2
       5
       2
       1
       1
       1
       1
       3
       0
       2
       2
       4
       2
       4
       0
       4
       0
       3
       2
       3
       2
       2
       1
       2
       1
       1
       4
       2
       0
       5
       1
       5
       1
       4
       3
       2
       3
       2
       2
       2
       3
       4
       1
       4
       1
       1
       2
       1
       1
       4
       2
       1
       3
       2
       0
       0
       4
       0
       2
       1
       3
       3
       3
       1
       1
       3
       3
       0
       2
       2
       4
       2
       2
       2
       1
       6
       1
       0
       4
       3
       0
       0
       2
       0
       3
       0
       1
       2
       1
       5
       1
       0
       2
       1
       1
       1
       4
       0
       6
       4
       3
       1
       1
       1
       2
       3
       0
       1
       2
       4
       1
       0
       1
       2
       1
       1
       2
       1
       0
       2
       2
       1
       2
       1
       1
       4
       1
       2
       3
       2
       1
       2
       2
       0
       2
       2
       3
       0
       0
       2
       2
       4
       2
       2
       3
       1
       1
       0
       3
       3
       0
       3
       3
       1
       2
       1
       3
       1
       2
       0
       2
       2
       0
       4
       5
       1
       0
       3
       1
       2
       1
       1
       2
       2
       3
       0
       2
       2
       0
       1
       0
       1
       1
       4
       1
       2
       2
       5
       0
       1
       1
       1
       1
       2
       1
       0
       1
       0
       2
       1
       2
       0
       1
       1
       1
       0
       1
       3
       2
       3
       3
       0
       0
       0
       1
       0
       1
       0
       0
       0
       1
       2
       1
       3
       4
       0
       1
       1
       2
       0
       4
       2
       1
       1
       1
       0
       0
       2
       3
       1
       1
       1
       1
       1
       2
       0
       1
       1
       0
       2
       2
       1
       0
       2
       1
       1
       2
       1
       2
       0
       0
       2
       1
       0
       3
       2
       3
       2
       0
       2
       1
       0
       0
       1
       0
       2
       1
       2
       1
       1
       0
       1
       4
       1
       1
       0
       2
       0
       0
       1
       0
       2
       1
       3
       0
       2
       0
       1
       1
       0
       1
       0
       0
       2
       1
       0
       0
       2
       2
       4
       2
       0
       4
       2
       3
       1
       1
       1
       3
       1
       2
       1
       1
       3
       1
       1
       1
       0
       0
       1
       2
       1
       2
       1
       0
       1
       2
       1
       0
       0
       3
       2
       2
       0
       0
       1
       1
       1
       1
       1
       2
       0
       2
       1
       3
       2
       2
       0
       1
       2
       2
       0
       3
       3
       0
       1
       2
       1
       1
       1
       0
       1
       1
       1
       1
       1
       2
       1
       2
       1
       2
       1
       1
       1
       1
       0
       1
       1
       0
       0
       1
       1
       0
       0
       1
       4
       0
       2
       0
       0
       1
       1
       1
       2
       2
       0
       4
       2
       2
       1
       1
       0
       0
       1
       1
       1
       0
       0
       0
       0
       1
       1
       0
       1
       0
       0
       0
       0
       0
       0
       1
       3
       1
       0
       1
       1
       0
       1
       2
       1
       0
       0
       2
       2
       0
       1
       1
       2
       1
       0
       0
       1
       1
       3
       1
       0
       1
       1
       1
       0
       1
       0
       1
       1
       1
       0
       1
       1
       0
       2
       0
       0
       2
       0
       2
       0
       0
       0
       0
       0
       1
       1
       0
       2
       0
       0
       0
       1
       1
       0
       0
       2
       2
       2
       1
       0
       0
       1
       1
       1
       0
       0
       1
       0
       1
       0
       1
       1
       0
       1
       0
       0
       0
       0
       1
       0
       3
       0
       0
       0
       0
       1
       1
       0
       0
       0
       1
       0
       2
       0
       0
       0
       0
       1
       1
       2
       0
       3
       3
       2
       1
       0
       0
       0
       2
       0
       0
       0
       0
       0
       0
       0
       1
       2
       3
       0
       1
       0
       0
       1
       0
       2
       0
       0
       1
       1
       0
       2
       0
       1
       3
       1
       0
       1
       0
       1
       0
       1
       2
       1
       0
       0
       1
       0
       0
       1
       1
       0
       3
       1
       0
       1
       0
       1
       0
       0
       0
       1
       1
       2
       1
       1
       1
       0
       2
       1
       0
       1
       1
       1
       0
       0
       0
       1
       2
       1
       2
       0
       1
       1
       0
       1
       3
       1
       1
       1
       1
       0
       3
       1
       1
       1
       0
       0
       1
       1
       0
       0
       0
       3
       0
       3
       1
       0
       1
       2
       0
       1
       1
       0
       0
       0
       3
       0
       2
       0
       1
       3
       0
       3
       3
       2
       0
       2
       0
       1
       1
       0
       0
       1
       2
       2
       0
       2
       2
       1
       0
       0
       0
       0
       1
       2
       1
       2
       0
       3
       0
       1
       2
       2
       1
       3
       0
       0
       0
       2
       0
       2
       0
       4
       1
       0
       1
       2
       2
       1
       1
       1
       0
       4
       1
       2
       2
       1
       1
       0
       3
       1
       1
       4
       1
       2
       0
       3
       1
       2
       1
       1
       2
       2
       0
       1
       2
       2
       1
       0
       1
       1
       1
       3
       1
       4
       3
       1
       3
       1
       2
       2
       4
       2
       4
       2
       2
       1
       1
       1
       1
       1
       1
       3
       2
       2
       1
       2
       3
       3
       1
       2
       2
       4
       1
       1
       1
       0
       2
       0
       2
       1
       0
       2
       1
       0
       1
       2
       4
       3
       1
       1
       2
       1
       0
       1
       1
       1
       2
       0
       2
       2
       0
       2
       2
       2
       1
       2
       0
       1
       0
       3
       1
       1
       1
       1
       0
       1
       3
       1
       2
       1
       2
       0
       2
       0
       2
       0
       0
       0
       0
       2
       1
       0
       0
       0
       1
       0
       0
       2
       0
       2
       0
       0
       0
       1
       0
       0
       3
       0
       0
       1
       0
       0
       0
       0
       0
       2
       0
       1
       1
       0
       0
       0
       1
       0
       0
       0
       2
       0
       0
       1
       1
       1
       0
       0
       1
       0
       0
       0
       0
       0
       0
       0
       0
       0
       0
       0
       0
       0
       0
       0
       0
       1
       0
       0
       0
       1
       1
       0
       1
       0
       1
       1
       0
       0
       0
       0
       0
       0
       0
       1
       0
       1
       0
       1
       0
       0
       0
       0
       0
       0
       0
       1
       0
       0
       0
       1
       2
       0
       0
       2
       0
       1
       0
       0
       0
       0
       0
       0
       0
       2
       0
       1
       0
       0
       0
       1
       0
       0
       2
       0
       0
       0
       0
       1
       0
       0
       0
       0
       0
       0
       1
       0
       0
       0
       1
       0
       0
       0
       0
       0
       0
       1
       0
       0
       0
       0
       0
       0
       1
       0
       0
       0
       0
       0
       0
       0
       0
       1
       0
       0
       0
       0
       1
       0
       0
       0
       0
       0
       0
       0
       0
       0
       0
       0
       0
       0
       0
       0
       2
       0
       0
       1
       0
       1
       0
       1
       2
       0
       0
       0
       0
       2
       0
       1
       1
       0
       0
       1
       0
       1
       0
       0
       0
       0
       0
       0
       1
       0
       1
       0
       0
       0
       0
       0
       0
       0
       0
       0
       1
       0
       0
       0
       1
       1
       1
       0
       0
       0
       0
       0
       0
       0
       0
       0
       0
       0
       0
       0
       0
       0
       0
       0
       0
       0
       0
       0
       0
       0
       0
       0
       0
       0
       0
       0
       0
       0
       0
       0
       0
       0
       0
       0
       0
       0
       0
       0
       0
       0
       0
       0
$ROI:
0
$PRESETS:
None
0
0
$ENER_FIT:
0.000000 0.421939
$MCA_CAL:
3
0.000000E+000 4.219387E-001 0.000000E+000 keV
$SHAPE_CAL:
3
0.000000E+000 0.000000E+000 0.000000E+000
